R3D_DYNAMI ANIMATION
14
BirdRootT$
40
1600
41
1 0 0 0 0 1 0 0 0 0 1 0 -0.00193485 0 0.97696 1
1 0 0 0 0 1 0 0 0 0 1 0 -0.00193485 0.0011403 0.97696 1
1 0 0 0 0 1 0 0 0 0 1 0 -0.00193485 0.00440354 0.97696 1
1 0 0 0 0 1 0 0 0 0 1 0 -0.00193485 0.00955336 0.97696 1
1 0 0 0 0 1 0 0 0 0 1 0 -0.00193485 0.0163535 0.97696 1
1 0 0 0 0 1 0 0 0 0 1 0 -0.00193485 0.0245681 0.97696 1
1 0 0 0 0 1 0 0 0 0 1 0 -0.00193485 0.033961 0.97696 1
1 0 0 0 0 1 0 0 0 0 1 0 -0.00193485 0.0442966 0.97696 1
1 0 0 0 0 1 0 0 0 0 1 0 -0.00193485 0.055339 0.97696 1
1 0 0 0 0 1 0 0 0 0 1 0 -0.00193485 0.0668527 0.97696 1
1 0 0 0 0 1 0 0 0 0 1 0 -0.00193485 0.078602 0.97696 1
1 0 0 0 0 1 0 0 0 0 1 0 -0.00193485 0.0903512 0.97696 1
1 0 0 0 0 1 0 0 0 0 1 0 -0.00193485 0.101865 0.97696 1
1 0 0 0 0 1 0 0 0 0 1 0 -0.00193485 0.112907 0.97696 1
1 0 0 0 0 1 0 0 0 0 1 0 -0.00193485 0.123243 0.97696 1
1 0 0 0 0 1 0 0 0 0 1 0 -0.00193485 0.132636 0.97696 1
1 0 0 0 0 1 0 0 0 0 1 0 -0.00193485 0.14085 0.97696 1
1 0 0 0 0 1 0 0 0 0 1 0 -0.00193485 0.147651 0.97696 1
1 0 0 0 0 1 0 0 0 0 1 0 -0.00193485 0.1528 0.97696 1
1 0 0 0 0 1 0 0 0 0 1 0 -0.00193485 0.156064 0.97696 1
1 0 0 0 0 1 0 0 0 0 1 0 -0.00193485 0.157204 0.97696 1
1 0 0 0 0 1 0 0 0 0 1 0 -0.00193485 0.156064 0.97696 1
1 0 0 0 0 1 0 0 0 0 1 0 -0.00193485 0.1528 0.97696 1
1 0 0 0 0 1 0 0 0 0 1 0 -0.00193485 0.147651 0.97696 1
1 0 0 0 0 1 0 0 0 0 1 0 -0.00193485 0.14085 0.97696 1
1 0 0 0 0 1 0 0 0 0 1 0 -0.00193485 0.132636 0.97696 1
1 0 0 0 0 1 0 0 0 0 1 0 -0.00193485 0.123243 0.97696 1
1 0 0 0 0 1 0 0 0 0 1 0 -0.00193485 0.112907 0.97696 1
1 0 0 0 0 1 0 0 0 0 1 0 -0.00193485 0.101865 0.97696 1
1 0 0 0 0 1 0 0 0 0 1 0 -0.00193485 0.0903512 0.97696 1
1 0 0 0 0 1 0 0 0 0 1 0 -0.00193485 0.078602 0.97696 1
1 0 0 0 0 1 0 0 0 0 1 0 -0.00193485 0.0668527 0.97696 1
1 0 0 0 0 1 0 0 0 0 1 0 -0.00193485 0.055339 0.97696 1
1 0 0 0 0 1 0 0 0 0 1 0 -0.00193485 0.0442966 0.97696 1
1 0 0 0 0 1 0 0 0 0 1 0 -0.00193485 0.033961 0.97696 1
1 0 0 0 0 1 0 0 0 0 1 0 -0.00193485 0.0245681 0.97696 1
1 0 0 0 0 1 0 0 0 0 1 0 -0.00193485 0.0163535 0.97696 1
1 0 0 0 0 1 0 0 0 0 1 0 -0.00193485 0.00955335 0.97696 1
1 0 0 0 0 1 0 0 0 0 1 0 -0.00193485 0.00440354 0.97696 1
1 0 0 0 0 1 0 0 0 0 1 0 -0.00193485 0.00114031 0.97696 1
1 0 0 0 0 1 0 0 0 0 1 0 -0.00193485 0 0.97696 1
BirdRootR$
40
1600
41
0.0128195 0.999918 0.000306873 0 -0.999918 0.0128195 0 0 -3.93398e-06 -0.000306848 1 0 0 0 0 1
0.0128193 0.999917 0.00118506 0 -0.999918 0.0128193 -5.82077e-11 0 -1.51919e-05 -0.00118496 0.999999 0 0 0 0 1
0.0128194 0.999915 0.00257095 0 -0.999918 0.0128195 -1.16415e-10 0 -3.29583e-05 -0.00257074 0.999997 0 0 0 0 1
0.0128192 0.999908 0.00440098 0 -0.999918 0.0128193 -2.32831e-10 0 -5.64181e-05 -0.00440062 0.99999 0 0 0 0 1
0.0128193 0.999896 0.0066116 0 -0.999918 0.0128196 6.98492e-10 0 -8.47576e-05 -0.00661106 0.999978 0 0 0 0 1
0.012819 0.999876 0.00913931 0 -0.999918 0.0128195 -4.65661e-10 0 -0.000117162 -0.00913856 0.999958 0 0 0 0 1
0.0128186 0.999847 0.0119206 0 -0.999918 0.0128195 9.31323e-10 0 -0.000152817 -0.0119196 0.999929 0 0 0 0 1
0.012818 0.999807 0.014892 0 -0.999918 0.0128194 -9.31323e-10 0 -0.000190907 -0.0148908 0.999889 0 0 0 0 1
0.0128173 0.999756 0.0179901 0 -0.999918 0.0128194 -9.31323e-10 0 -0.000230623 -0.0179886 0.999838 0 0 0 0 1
0.0128166 0.999694 0.0211514 0 -0.999918 0.0128195 9.31323e-10 0 -0.000271152 -0.0211497 0.999776 0 0 0 0 1
0.0128156 0.999622 0.0243125 0 -0.999918 0.0128193 -1.86265e-09 0 -0.000311674 -0.0243105 0.999704 0 0 0 0 1
0.0128147 0.999542 0.02741 0 -0.999918 0.0128195 -9.31323e-10 0 -0.000351382 -0.0274077 0.999624 0 0 0 0 1
0.0128136 0.999456 0.0303804 0 -0.999918 0.0128195 -1.86265e-09 0 -0.000389464 -0.0303779 0.999538 0 0 0 0 1
0.0128123 0.999368 0.0331605 0 -0.999918 0.0128194 -1.86265e-09 0 -0.000425104 -0.0331577 0.99945 0 0 0 0 1
0.0128112 0.999281 0.0356868 0 -0.999918 0.0128193 0 0 -0.000457484 -0.0356838 0.999363 0 0 0 0 1
0.0128102 0.9992 0.0378959 0 -0.999918 0.0128194 -1.86265e-09 0 -0.000485806 -0.0378928 0.999282 0 0 0 0 1
0.0128094 0.999129 0.0397246 0 -0.999918 0.0128195 0 0 -0.000509247 -0.0397213 0.999211 0 0 0 0 1
0.0128087 0.999072 0.0411093 0 -0.999918 0.0128195 -1.86265e-09 0 -0.000527002 -0.0411059 0.999155 0 0 0 0 1
0.0128084 0.999036 0.0419868 0 -0.999918 0.0128197 5.58794e-09 0 -0.000538252 -0.0419833 0.999118 0 0 0 0 1
0.0128079 0.999023 0.0422934 0 -0.999918 0.0128193 -1.86265e-09 0 -0.000542177 -0.0422899 0.999105 0 0 0 0 1
0.0128084 0.999036 0.0419868 0 -0.999918 0.0128197 5.58794e-09 0 -0.000538252 -0.0419833 0.999118 0 0 0 0 1
0.0128087 0.999072 0.0411093 0 -0.999918 0.0128195 -1.86265e-09 0 -0.000527002 -0.0411059 0.999155 0 0 0 0 1
0.0128094 0.999129 0.0397246 0 -0.999918 0.0128195 0 0 -0.000509247 -0.0397213 0.999211 0 0 0 0 1
0.0128102 0.9992 0.0378959 0 -0.999918 0.0128194 -1.86265e-09 0 -0.000485806 -0.0378928 0.999282 0 0 0 0 1
0.0128112 0.999281 0.0356868 0 -0.999918 0.0128193 0 0 -0.000457484 -0.0356838 0.999363 0 0 0 0 1
0.0128123 0.999368 0.0331605 0 -0.999918 0.0128194 -1.86265e-09 0 -0.000425104 -0.0331577 0.99945 0 0 0 0 1
0.0128136 0.999456 0.0303804 0 -0.999918 0.0128195 -1.86265e-09 0 -0.000389464 -0.0303779 0.999538 0 0 0 0 1
0.0128147 0.999542 0.02741 0 -0.999918 0.0128195 -9.31323e-10 0 -0.000351381 -0.0274077 0.999624 0 0 0 0 1
0.0128156 0.999622 0.0243125 0 -0.999918 0.0128193 -1.86265e-09 0 -0.000311674 -0.0243105 0.999704 0 0 0 0 1
0.0128166 0.999694 0.0211514 0 -0.999918 0.0128195 9.31323e-10 0 -0.000271152 -0.0211497 0.999776 0 0 0 0 1
0.0128173 0.999756 0.0179901 0 -0.999918 0.0128194 -9.31323e-10 0 -0.000230623 -0.0179886 0.999838 0 0 0 0 1
0.0128166 0.999694 0.0211514 0 -0.999918 0.0128195 9.31323e-10 0 -0.000271152 -0.0211497 0.999776 0 0 0 0 1
0.0128186 0.999847 0.0119206 0 -0.999918 0.0128195 9.31323e-10 0 -0.000152817 -0.0119196 0.999929 0 0 0 0 1
0.012819 0.999876 0.0091393 0 -0.999918 0.0128195 -4.65661e-10 0 -0.000117162 -0.00913855 0.999958 0 0 0 0 1
0.0128193 0.999896 0.0066116 0 -0.999918 0.0128196 6.98492e-10 0 -8.47576e-05 -0.00661106 0.999978 0 0 0 0 1
0.0128192 0.999908 0.00440098 0 -0.999918 0.0128193 -2.32831e-10 0 -5.64181e-05 -0.00440062 0.99999 0 0 0 0 1
0.0128194 0.999915 0.00257095 0 -0.999918 0.0128195 -1.16415e-10 0 -3.29583e-05 -0.00257074 0.999997 0 0 0 0 1
0.0128193 0.999917 0.00118506 0 -0.999918 0.0128193 0 0 -1.51919e-05 -0.00118496 0.999999 0 0 0 0 1
0.0128195 0.999918 0.000306874 0 -0.999918 0.0128195 1.45519e-11 0 -3.93399e-06 -0.000306849 1 0 0 0 0 1
0.0128195 0.999918 0 0 -0.999918 0.0128195 0 0 0 0 1 0 0 0 0 1
0.0128195 0.999918 0.000306873 0 -0.999918 0.0128195 0 0 -3.93398e-06 -0.000306848 1 0 0 0 0 1
BirdRootS$
40
1600
41
1 0 0 0 0 1 0 0 0 0 1 0 0 0 0 1
1 0 0 0 0 1 0 0 0 0 1 0 0 0 0 1
1 0 0 0 0 1 0 0 0 0 1 0 0 0 0 1
1 0 0 0 0 1 0 0 0 0 1 0 0 0 0 1
1 0 0 0 0 1 0 0 0 0 1 0 0 0 0 1
1 0 0 0 0 1 0 0 0 0 1 0 0 0 0 1
1 0 0 0 0 1 0 0 0 0 1 0 0 0 0 1
1 0 0 0 0 1 0 0 0 0 1 0 0 0 0 1
1 0 0 0 0 1 0 0 0 0 1 0 0 0 0 1
1 0 0 0 0 1 0 0 0 0 1 0 0 0 0 1
1 0 0 0 0 1 0 0 0 0 1 0 0 0 0 1
1 0 0 0 0 1 0 0 0 0 1 0 0 0 0 1
1 0 0 0 0 1 0 0 0 0 1 0 0 0 0 1
1 0 0 0 0 1 0 0 0 0 1 0 0 0 0 1
1 0 0 0 0 1 0 0 0 0 1 0 0 0 0 1
1 0 0 0 0 1 0 0 0 0 1 0 0 0 0 1
1 0 0 0 0 1 0 0 0 0 1 0 0 0 0 1
1 0 0 0 0 1 0 0 0 0 1 0 0 0 0 1
1 0 0 0 0 1 0 0 0 0 1 0 0 0 0 1
1 0 0 0 0 1 0 0 0 0 1 0 0 0 0 1
1 0 0 0 0 1 0 0 0 0 1 0 0 0 0 1
1 0 0 0 0 1 0 0 0 0 1 0 0 0 0 1
1 0 0 0 0 1 0 0 0 0 1 0 0 0 0 1
1 0 0 0 0 1 0 0 0 0 1 0 0 0 0 1
1 0 0 0 0 1 0 0 0 0 1 0 0 0 0 1
1 0 0 0 0 1 0 0 0 0 1 0 0 0 0 1
1 0 0 0 0 1 0 0 0 0 1 0 0 0 0 1
1 0 0 0 0 1 0 0 0 0 1 0 0 0 0 1
1 0 0 0 0 1 0 0 0 0 1 0 0 0 0 1
1 0 0 0 0 1 0 0 0 0 1 0 0 0 0 1
1 0 0 0 0 1 0 0 0 0 1 0 0 0 0 1
1 0 0 0 0 1 0 0 0 0 1 0 0 0 0 1
1 0 0 0 0 1 0 0 0 0 1 0 0 0 0 1
1 0 0 0 0 1 0 0 0 0 1 0 0 0 0 1
1 0 0 0 0 1 0 0 0 0 1 0 0 0 0 1
1 0 0 0 0 1 0 0 0 0 1 0 0 0 0 1
1 0 0 0 0 1 0 0 0 0 1 0 0 0 0 1
1 0 0 0 0 1 0 0 0 0 1 0 0 0 0 1
1 0 0 0 0 1 0 0 0 0 1 0 0 0 0 1
1 0 0 0 0 1 0 0 0 0 1 0 0 0 0 1
1 0 0 0 0 1 0 0 0 0 1 0 0 0 0 1
Head
40
1600
41
0.999856 -0.0169469 0.000708652 0 0.0169469 0.999856 9.09495e-13 0 -0.00070855 1.20095e-05 1 0 0.533283 0 0 1
0.999853 -0.0169469 0.00273662 0 0.0169469 0.999856 0 0 -0.00273623 4.63773e-05 0.999996 0 0.533283 0 0 1
0.999839 -0.0169466 0.00593699 0 0.0169469 0.999856 0 0 -0.00593614 0.000100614 0.999982 0 0.533283 0 0 1
0.999805 -0.0169461 0.0101629 0 0.0169469 0.999856 7.27596e-12 0 -0.0101614 0.00017223 0.999948 0 0.533283 0 0 1
0.99974 -0.016945 0.0152675 0 0.0169469 0.999856 1.45519e-11 0 -0.0152653 0.000258737 0.999883 0 0.533283 0 0 1
0.999634 -0.0169432 0.0211038 0 0.0169469 0.999856 0 0 -0.0211008 0.000357645 0.999777 0 0.533283 0 0 1
0.999478 -0.0169405 0.027525 0 0.0169469 0.999856 -2.91038e-11 0 -0.0275211 0.000466465 0.999621 0 0.533283 0 0 1
0.999265 -0.0169369 0.0343842 0 0.0169469 0.999856 -2.91038e-11 0 -0.0343792 0.000582706 0.999409 0 0.533283 0 0 1
0.998994 -0.0169323 0.0415343 0 0.0169469 0.999856 0 0 -0.0415283 0.000703878 0.999137 0 0.533283 0 0 1
0.998664 -0.0169267 0.0488285 0 0.0169469 0.999856 0 0 -0.0488215 0.000827493 0.998807 0 0.533283 0 0 1
0.998281 -0.0169202 0.0561201 0 0.0169469 0.999856 5.82077e-11 0 -0.056112 0.000951064 0.998424 0 0.533283 0 0 1
0.997854 -0.016913 0.0632626 0 0.0169469 0.999856 0 0 -0.0632535 0.00107211 0.997997 0 0.533283 0 0 1
0.997396 -0.0169052 0.0701097 0 0.0169469 0.999856 0 0 -0.0700996 0.00118814 0.997539 0 0.533283 0 0 1
0.996925 -0.0168973 0.0765155 0 0.0169469 0.999856 0 0 -0.0765046 0.0012967 0.997068 0 0.533283 0 0 1
0.996462 -0.0168894 0.0823344 0 0.0169469 0.999856 -5.82077e-11 0 -0.0823226 0.00139532 0.996605 0 0.533283 0 0 1
0.996028 -0.0168821 0.087421 0 0.0169469 0.999856 0 0 -0.0874084 0.00148152 0.996171 0 0.533283 0 0 1
0.99565 -0.0168756 0.0916301 0 0.0169469 0.999856 0 0 -0.0916169 0.00155285 0.995793 0 0.533283 0 0 1
0.995352 -0.0168706 0.0948165 0 0.0169469 0.999856 1.74623e-10 0 -0.0948029 0.00160685 0.995495 0 0.533283 0 0 1
0.995157 -0.0168673 0.0968352 0 0.0169469 0.999856 1.16415e-10 0 -0.0968213 0.00164106 0.9953 0 0.533283 0 0 1
0.995089 -0.0168661 0.0975405 0 0.0169469 0.999856 0 0 -0.0975265 0.00165301 0.995232 0 0.533283 0 0 1
0.995157 -0.0168673 0.0968352 0 0.0169469 0.999856 1.16415e-10 0 -0.0968213 0.00164106 0.9953 0 0.533283 0 0 1
0.995352 -0.0168706 0.0948165 0 0.0169469 0.999856 1.74623e-10 0 -0.0948029 0.00160685 0.995495 0 0.533283 0 0 1
0.99565 -0.0168756 0.09163 0 0.0169469 0.999856 0 0 -0.0916169 0.00155285 0.995793 0 0.533283 0 0 1
0.996028 -0.0168821 0.087421 0 0.0169469 0.999856 0 0 -0.0874084 0.00148152 0.996171 0 0.533283 0 0 1
0.996462 -0.0168894 0.0823344 0 0.0169469 0.999856 -5.82077e-11 0 -0.0823226 0.00139532 0.996605 0 0.533283 0 0 1
0.996925 -0.0168973 0.0765155 0 0.0169469 0.999856 0 0 -0.0765045 0.0012967 0.997068 0 0.533283 0 0 1
0.997396 -0.0169052 0.0701097 0 0.0169469 0.999856 5.82077e-11 0 -0.0700997 0.00118814 0.997539 0 0.533283 0 0 1
0.997854 -0.016913 0.0632626 0 0.0169469 0.999856 5.82077e-11 0 -0.0632535 0.00107211 0.997997 0 0.533283 0 0 1
0.998281 -0.0169202 0.0561201 0 0.0169469 0.999856 2.91038e-11 0 -0.056112 0.000951063 0.998424 0 0.533283 0 0 1
0.998664 -0.0169267 0.0488285 0 0.0169469 0.999856 0 0 -0.0488215 0.000827493 0.998807 0 0.533283 0 0 1
0.998994 -0.0169323 0.0415343 0 0.0169469 0.999856 0 0 -0.0415283 0.000703878 0.999137 0 0.533283 0 0 1
0.998664 -0.0169267 0.0488285 0 0.0169469 0.999856 0 0 -0.0488215 0.000827493 0.998807 0 0.533283 0 0 1
0.999478 -0.0169405 0.027525 0 0.0169469 0.999856 -2.91038e-11 0 -0.0275211 0.000466465 0.999621 0 0.533283 0 0 1
0.999634 -0.0169432 0.0211038 0 0.0169469 0.999856 0 0 -0.0211008 0.000357645 0.999777 0 0.533283 0 0 1
0.99974 -0.016945 0.0152675 0 0.0169469 0.999856 1.45519e-11 0 -0.0152653 0.000258737 0.999883 0 0.533283 0 0 1
0.999805 -0.0169461 0.0101629 0 0.0169469 0.999856 0 0 -0.0101614 0.00017223 0.999948 0 0.533283 0 0 1
0.999839 -0.0169466 0.00593698 0 0.0169469 0.999856 3.63798e-12 0 -0.00593613 0.000100614 0.999982 0 0.533283 0 0 1
0.999853 -0.0169469 0.00273662 0 0.0169469 0.999856 -1.81899e-12 0 -0.00273623 4.63773e-05 0.999996 0 0.533283 0 0 1
0.999856 -0.0169469 0.000708653 0 0.0169469 0.999856 9.09495e-13 0 -0.000708552 1.20095e-05 1 0 0.533283 0 0 1
0.999856 -0.0169469 0 0 0.0169469 0.999856 0 0 0 0 1 0 0.533283 0 0 1
0.999856 -0.0169469 0.000708652 0 0.0169469 0.999856 9.09495e-13 0 -0.00070855 1.20095e-05 1 0 0.533283 0 0 1
L1
40
1600
41
0.777213 0.629173 -0.00900164 0 -0.629199 0.777244 4.65661e-10 0 0.00699647 0.00566382 0.999959 0 0.488368 1.3411e-07 0 1
0.77681 0.628847 -0.0334238 0 -0.629198 0.777245 -9.31322e-10 0 0.0259785 0.0210302 0.999441 0 0.488368 1.3411e-07 0 1
0.775372 0.627683 -0.0693677 0 -0.629199 0.777244 0 0 0.0539156 0.043646 0.997591 0 0.488368 1.3411e-07 0 1
0.772276 0.625177 -0.112883 0 -0.629198 0.777244 -3.72529e-09 0 0.087738 0.071026 0.993608 0 0.488368 1.3411e-07 0 1
0.767233 0.621094 -0.159988 0 -0.629199 0.777244 1.11759e-08 0 0.12435 0.100664 0.987119 0 0.488368 1.3411e-07 0 1
0.760454 0.615606 -0.206731 0 -0.629198 0.777244 0 0 0.160681 0.130075 0.978398 0 0.488368 1.3411e-07 0 1
0.752708 0.609336 -0.249277 0 -0.629199 0.777244 7.45058e-09 0 0.19375 0.156845 0.968432 0 0.488368 1.3411e-07 0 1
0.745249 0.603297 -0.283966 0 -0.629198 0.777244 7.45058e-09 0 0.220711 0.178671 0.958834 0 0.488368 1.3411e-07 0 1
0.739635 0.598753 -0.307301 0 -0.629198 0.777244 7.45058e-09 0 0.238848 0.193354 0.951612 0 0.488368 1.3411e-07 0 1
0.737455 0.596988 -0.315855 0 -0.629198 0.777245 -7.45058e-09 0 0.245496 0.198735 0.948808 0 0.488368 1.3411e-07 0 1
0.739234 0.598428 -0.308894 0 -0.629199 0.777244 7.45058e-09 0 0.240087 0.194356 0.951096 0 0.488368 1.3411e-07 0 1
0.743927 0.602227 -0.289647 0 -0.629198 0.777244 7.45058e-09 0 0.225127 0.182245 0.957133 0 0.488368 1.3411e-07 0 1
0.750407 0.607473 -0.26051 0 -0.629198 0.777244 7.45058e-09 0 0.20248 0.163913 0.965471 0 0.488368 1.3411e-07 0 1
0.757512 0.613224 -0.223901 0 -0.629199 0.777244 7.45058e-09 0 0.174026 0.140878 0.974612 0 0.488368 1.3411e-07 0 1
0.764216 0.618651 -0.182331 0 -0.629199 0.777244 -7.45058e-09 0 0.141716 0.114722 0.983237 0 0.488368 1.3411e-07 0 1
0.769761 0.62314 -0.138432 0 -0.629198 0.777245 -7.45058e-09 0 0.107596 0.0871014 0.990372 0 0.488368 1.3411e-07 0 1
0.773734 0.626356 -0.0949404 0 -0.629199 0.777244 1.86264e-09 0 0.0737919 0.0597364 0.995483 0 0.488368 1.3411e-07 0 1
0.776083 0.628258 -0.0546494 0 -0.629198 0.777244 -1.86264e-09 0 0.042476 0.0343853 0.998506 0 0.488368 1.3411e-07 0 1
0.777083 0.629068 -0.0203615 0 -0.629199 0.777244 1.39698e-09 0 0.0158258 0.0128114 0.999793 0 0.488368 1.3411e-07 0 1
0.777234 0.62919 0.00514949 0 -0.629198 0.777245 0 0 -0.00400241 -0.00324005 0.999987 0 0.488368 1.3411e-07 0 1
0.777012 0.62901 0.0244497 0 -0.629199 0.777244 -4.65661e-10 0 -0.0190034 -0.0153837 0.999701 0 0.488368 1.3411e-07 0 1
0.77656 0.628645 0.0419471 0 -0.629199 0.777244 -9.31322e-10 0 -0.0326031 -0.026393 0.99912 0 0.488368 1.3411e-07 0 1
0.775951 0.628152 0.057662 0 -0.629198 0.777244 -1.86264e-09 0 -0.0448174 -0.0362808 0.998336 0 0.488368 1.3411e-07 0 1
0.775249 0.627583 0.0716172 0 -0.629198 0.777245 0 0 -0.0556641 -0.0450615 0.997432 0 0.488368 1.3411e-07 0 1
0.774508 0.626983 0.0838373 0 -0.629198 0.777245 0 0 -0.0651621 -0.0527503 0.996479 0 0.488368 1.3411e-07 0 1
0.773777 0.626392 0.0943473 0 -0.629199 0.777244 0 0 -0.0733309 -0.0593632 0.995539 0 0.488368 1.3411e-07 0 1
0.773097 0.625841 0.103173 0 -0.629198 0.777245 0 0 -0.0801906 -0.0649163 0.994663 0 0.488368 1.3411e-07 0 1
0.772499 0.625357 0.11034 0 -0.629198 0.777245 0 0 -0.085761 -0.0694256 0.993894 0 0.488368 1.3411e-07 0 1
0.772009 0.62496 0.115873 0 -0.629199 0.777244 0 0 -0.0900615 -0.072907 0.993264 0 0.488368 1.3411e-07 0 1
0.771647 0.624667 0.119796 0 -0.629198 0.777245 0 0 -0.0931111 -0.0753757 0.992799 0 0.488368 1.3411e-07 0 1
0.771426 0.624488 0.122134 0 -0.629199 0.777244 -7.45058e-09 0 -0.0949281 -0.0768466 0.992514 0 0.488368 1.3411e-07 0 1
0.771647 0.624667 0.119796 0 -0.629198 0.777245 0 0 -0.0931111 -0.0753757 0.992799 0 0.488368 1.3411e-07 0 1
0.771812 0.624801 0.11802 0 -0.629198 0.777244 3.72529e-09 0 -0.0917302 -0.0742579 0.993011 0 0.488368 1.3411e-07 0 1
0.772938 0.625712 0.105121 0 -0.629198 0.777245 3.72529e-09 0 -0.0817045 -0.0661418 0.994459 0 0.488368 1.3411e-07 0 1
0.774307 0.626821 0.0868578 0 -0.629198 0.777245 3.72529e-09 0 -0.0675098 -0.0546508 0.996221 0 0.488368 1.3411e-07 0 1
0.775555 0.627831 0.0658886 0 -0.629198 0.777245 -1.86264e-09 0 -0.0512116 -0.041457 0.997827 0 0.488368 1.3411e-07 0 1
0.776461 0.628564 0.0448903 0 -0.629199 0.777244 0 0 -0.0348907 -0.0282449 0.998992 0 0.488368 1.3411e-07 0 1
0.77697 0.628977 0.0265544 0 -0.629198 0.777244 -9.31322e-10 0 -0.0206392 -0.016708 0.999647 0 0.488368 1.3411e-07 0 1
0.777173 0.629141 0.0135769 0 -0.629198 0.777244 -4.65661e-10 0 -0.0105526 -0.00854259 0.999908 0 0.488368 1.3411e-07 0 1
0.777215 0.629175 0.00865258 0 -0.629198 0.777244 -4.65661e-10 0 -0.00672517 -0.00544419 0.999963 0 0.488368 1.3411e-07 0 1
0.777213 0.629173 -0.00900164 0 -0.629199 0.777244 4.65661e-10 0 0.00699647 0.00566382 0.999959 0 0.488368 1.3411e-07 0 1
L2
40
1600
41
0.999805 -0.0175668 -0.00900021 0 0.017566 0.999846 -0.000163563 0 0.00900169 5.43351e-06 0.999959 0 0.632636 -1.86265e-07 0 1
0.999286 -0.0176296 -0.0334185 0 0.0176191 0.999845 -0.000607114 0 0.033424 1.78753e-05 0.999441 0 0.632636 -1.86265e-07 0 1
0.997435 -0.0177027 -0.0693567 0 0.0176579 0.999843 -0.00125845 0 0.0693681 3.05227e-05 0.997591 0 0.632636 -1.86265e-07 0 1
0.993452 -0.0177599 -0.112866 0 0.0176421 0.999842 -0.00204244 0 0.112884 3.78736e-05 0.993608 0 0.632636 -1.86265e-07 0 1
0.986963 -0.0177822 -0.159963 0 0.0175471 0.999842 -0.00288207 0 0.159989 3.7607e-05 0.987119 0 0.632636 -1.86265e-07 0 1
0.978243 -0.0177622 -0.206699 0 0.0173721 0.999842 -0.00370206 0 0.206732 3.0713e-05 0.978398 0 0.632636 -1.86265e-07 0 1
0.96828 -0.0177059 -0.249239 0 0.0171419 0.999843 -0.00443338 0 0.249278 2.03231e-05 0.968432 0 0.632636 -1.86265e-07 0 1
0.958685 -0.0176322 -0.283922 0 0.0169035 0.999845 -0.00501657 0 0.283966 1.0049e-05 0.958834 0 0.632636 -1.86265e-07 0 1
0.951465 -0.0175679 -0.307254 0 0.016717 0.999846 -0.0054012 0 0.307301 2.7041e-06 0.951612 0 0.632636 -1.86265e-07 0 1
0.948662 -0.0175412 -0.315806 0 0.0166433 0.999846 -0.00554048 0 0.315855 -7.45058e-09 0.948807 0 0.632636 -1.86265e-07 0 1
0.95095 -0.0175583 -0.308847 0 0.0166986 0.999846 -0.00542705 0 0.308895 3.54182e-06 0.951096 0 0.632636 -1.86265e-07 0 1
0.956985 -0.0176009 -0.289602 0 0.0168428 0.999845 -0.00511023 0 0.289647 1.27098e-05 0.957133 0 0.632636 -1.86265e-07 0 1
0.965321 -0.0176519 -0.26047 0 0.0170359 0.999844 -0.0046225 0 0.260511 2.48435e-05 0.965471 0 0.632636 -1.86265e-07 0 1
0.974459 -0.0176936 -0.223866 0 0.0172362 0.999844 -0.00399745 0 0.223902 3.67584e-05 0.974612 0 0.632636 -1.86265e-07 0 1
0.983083 -0.0177125 -0.182302 0 0.0174074 0.999843 -0.00327388 0 0.182332 4.50851e-05 0.983237 0 0.632636 -1.86265e-07 0 1
0.990217 -0.0177024 -0.13841 0 0.0175254 0.999843 -0.00249713 0 0.138433 4.69999e-05 0.990372 0 0.632636 -1.86265e-07 0 1
0.995328 -0.0176657 -0.0949253 0 0.017582 0.999844 -0.0017182 0 0.0949408 4.11989e-05 0.995483 0 0.632636 -1.86265e-07 0 1
0.998351 -0.0176135 -0.0546406 0 0.0175856 0.999845 -0.000991244 0 0.0546496 2.87203e-05 0.998506 0 0.632636 -1.86265e-07 0 1
0.999639 -0.0175643 -0.0203581 0 0.0175604 0.999846 -0.000370828 0 0.0203614 1.31974e-05 0.999793 0 0.632636 -1.86265e-07 0 1
0.999833 -0.0175412 0.00514887 0 0.017541 0.999846 9.0121e-05 0 -0.00514965 2.10261e-07 0.999987 0 0.632636 -1.86265e-07 0 1
0.999547 -0.0175388 0.0244461 0 0.0175334 0.999846 0.00043694 0 -0.02445 -8.11872e-06 0.999701 0 0.632636 -1.86265e-07 0 1
0.998966 -0.0175359 0.0419407 0 0.0175199 0.999846 0.000749419 0 -0.0419474 -1.38477e-05 0.99912 0 0.632636 -1.86265e-07 0 1
0.998183 -0.0175331 0.0576532 0 0.017503 0.999846 0.00102816 0 -0.0576623 -1.71951e-05 0.998336 0 0.632636 -1.86265e-07 0 1
0.997279 -0.017531 0.0716063 0 0.0174846 0.999846 0.00127391 0 -0.0716176 -1.84365e-05 0.997432 0 0.632636 -1.86265e-07 0 1
0.996326 -0.0175298 0.0838245 0 0.0174666 0.999846 0.00148749 0 -0.0838377 -1.78983e-05 0.996479 0 0.632636 -1.86265e-07 0 1
0.995386 -0.0175297 0.0943329 0 0.01745 0.999846 0.00166977 0 -0.0943477 -1.59557e-05 0.995539 0 0.632636 -1.86265e-07 0 1
0.994511 -0.0175307 0.103157 0 0.0174358 0.999846 0.00182165 0 -0.103173 -1.30233e-05 0.994663 0 0.632636 -1.86265e-07 0 1
0.993741 -0.0175327 0.110323 0 0.0174246 0.999846 0.00194405 0 -0.11034 -9.54972e-06 0.993894 0 0.632636 -1.86265e-07 0 1
0.993111 -0.0175352 0.115855 0 0.0174164 0.999846 0.00203782 0 -0.115873 -6.00575e-06 0.993264 0 0.632636 -1.86265e-07 0 1
0.992646 -0.0175379 0.119778 0 0.0174112 0.999846 0.00210384 0 -0.119797 -2.87674e-06 0.992798 0 0.632636 -1.86265e-07 0 1
0.992361 -0.0175401 0.122116 0 0.0174087 0.999846 0.00214289 0 -0.122134 -6.50063e-07 0.992514 0 0.632636 -1.86265e-07 0 1
0.992646 -0.0175379 0.119778 0 0.0174112 0.999846 0.00210384 0 -0.119797 -2.87674e-06 0.992798 0 0.632636 -1.86265e-07 0 1
0.992858 -0.0175458 0.118002 0 0.0174231 0.999846 0.00207079 0 -0.11802 -3.59723e-08 0.993011 0 0.632636 -1.86265e-07 0 1
0.994306 -0.0175563 0.105105 0 0.017459 0.999846 0.00184615 0 -0.105121 -6.10889e-07 0.994459 0 0.632636 -1.86265e-07 0 1
0.996067 -0.0175661 0.0868448 0 0.0174996 0.999846 0.00152704 0 -0.0868582 -1.28255e-06 0.996221 0 0.632636 -1.86265e-07 0 1
0.997673 -0.01757 0.0658788 0 0.0175317 0.999846 0.00115938 0 -0.065889 -1.71846e-06 0.997827 0 0.632636 -1.86265e-07 0 1
0.998838 -0.017566 0.0448837 0 0.0175482 0.999846 0.000790186 0 -0.0448907 -1.63939e-06 0.998992 0 0.632636 -1.86265e-07 0 1
0.999493 -0.0175561 0.0265506 0 0.0175499 0.999846 0.000467218 0 -0.0265547 -1.01978e-06 0.999647 0 0.632636 -1.86265e-07 0 1
0.999754 -0.0175456 0.0135752 0 0.017544 0.999846 0.000238431 0 -0.0135773 -2.09162e-07 0.999908 0 0.632636 -1.86265e-07 0 1
0.999809 -0.0175408 0.00865163 0 0.0175401 0.999846 0.000151591 0 -0.00865295 1.88564e-07 0.999963 0 0.632636 -1.86265e-07 0 1
0.999805 -0.0175668 -0.00900021 0 0.017566 0.999846 -0.000163563 0 0.00900169 5.43351e-06 0.999959 0 0.632636 -1.86265e-07 0 1
L3
40
1600
41
0.999806 0.0175392 -0.00900164 0 -0.0175399 0.999846 -7.27596e-12 0 0.00900025 0.000157888 0.999959 0 0.51524 3.20375e-07 0 1
0.999288 0.0175301 -0.0334238 0 -0.0175399 0.999846 2.91038e-11 0 0.0334187 0.00058625 0.999441 0 0.51524 3.20375e-07 0 1
0.997438 0.0174976 -0.0693677 0 -0.0175399 0.999846 -5.82077e-11 0 0.069357 0.0012167 0.997591 0 0.51524 3.20375e-07 0 1
0.993456 0.0174278 -0.112883 0 -0.0175399 0.999846 -3.49246e-10 0 0.112866 0.00197996 0.993608 0 0.51524 3.20375e-07 0 1
0.986967 0.017314 -0.159988 0 -0.0175399 0.999846 -1.16415e-10 0 0.159964 0.00280617 0.987119 0 0.51524 3.20375e-07 0 1
0.978247 0.017161 -0.206731 0 -0.0175399 0.999846 0 0 0.2067 0.00362604 0.978398 0 0.51524 3.20375e-07 0 1
0.968283 0.0169862 -0.249277 0 -0.0175399 0.999846 0 0 0.249239 0.0043723 0.968432 0 0.51524 3.20375e-07 0 1
0.958687 0.0168178 -0.283966 0 -0.0175399 0.999846 2.32831e-10 0 0.283922 0.00498072 0.958834 0 0.51524 3.20375e-07 0 1
0.951466 0.0166912 -0.307301 0 -0.0175399 0.999846 0 0 0.307254 0.00539003 0.951612 0 0.51524 3.20375e-07 0 1
0.948662 0.016642 -0.315855 0 -0.0175399 0.999846 0 0 0.315806 0.00554006 0.948807 0 0.51524 3.20375e-07 0 1
0.95095 0.0166821 -0.308894 0 -0.0175399 0.999846 -2.32831e-10 0 0.308847 0.00541797 0.951096 0 0.51524 3.20375e-07 0 1
0.956986 0.016788 -0.289647 0 -0.0175399 0.999846 0 0 0.289602 0.00508037 0.957133 0 0.51524 3.20375e-07 0 1
0.965323 0.0169343 -0.26051 0 -0.0175399 0.999846 -2.32831e-10 0 0.26047 0.00456932 0.965471 0 0.51524 3.20375e-07 0 1
0.974462 0.0170946 -0.223901 0 -0.0175399 0.999846 0 0 0.223866 0.00392719 0.974612 0 0.51524 3.20375e-07 0 1
0.983086 0.0172459 -0.182331 0 -0.0175399 0.999846 -1.16415e-10 0 0.182303 0.00319806 0.983237 0 0.51524 3.20375e-07 0 1
0.99022 0.017371 -0.138432 0 -0.0175399 0.999846 -3.49246e-10 0 0.138411 0.00242809 0.990372 0 0.51524 3.20375e-07 0 1
0.99533 0.0174607 -0.0949405 0 -0.0175399 0.999846 0 0 0.0949258 0.00166524 0.995483 0 0.51524 3.20375e-07 0 1
0.998352 0.0175137 -0.0546494 0 -0.0175399 0.999846 -5.82077e-11 0 0.054641 0.000958545 0.998506 0 0.51524 3.20375e-07 0 1
0.999639 0.0175363 -0.0203615 0 -0.0175399 0.999846 1.45519e-11 0 0.0203583 0.000357138 0.999793 0 0.51524 3.20375e-07 0 1
0.999833 0.0175397 0.00514949 0 -0.0175399 0.999846 0 0 -0.0051487 -9.03215e-05 0.999987 0 0.51524 3.20375e-07 0 1
0.999547 0.0175346 0.0244498 0 -0.0175399 0.999846 -1.45519e-11 0 -0.024446 -0.000428846 0.999701 0 0.51524 3.20375e-07 0 1
0.998966 0.0175244 0.0419471 0 -0.0175399 0.999846 8.73115e-11 0 -0.0419406 -0.000735746 0.99912 0 0.51524 3.20375e-07 0 1
0.998183 0.0175107 0.057662 0 -0.0175399 0.999846 5.82077e-11 0 -0.0576531 -0.00101138 0.998336 0 0.51524 3.20375e-07 0 1
0.997279 0.0174948 0.0716172 0 -0.0175399 0.999846 0 0 -0.0716062 -0.00125616 0.997432 0 0.51524 3.20375e-07 0 1
0.996326 0.0174781 0.0838373 0 -0.0175399 0.999846 5.82077e-11 0 -0.0838244 -0.0014705 0.996479 0 0.51524 3.20375e-07 0 1
0.995386 0.0174616 0.0943473 0 -0.0175399 0.999846 0 0 -0.0943328 -0.00165484 0.995539 0 0.51524 3.20375e-07 0 1
0.994511 0.0174463 0.103173 0 -0.0175399 0.999846 0 0 -0.103157 -0.00180964 0.994663 0 0.51524 3.20375e-07 0 1
0.993741 0.0174328 0.11034 0 -0.0175399 0.999846 0 0 -0.110323 -0.00193535 0.993894 0 0.51524 3.20375e-07 0 1
0.993111 0.0174217 0.115873 0 -0.0175399 0.999846 0 0 -0.115855 -0.00203239 0.993264 0 0.51524 3.20375e-07 0 1
0.992646 0.0174136 0.119796 0 -0.0175399 0.999846 0 0 -0.119778 -0.00210121 0.992799 0 0.51524 3.20375e-07 0 1
0.992361 0.0174086 0.122134 0 -0.0175399 0.999846 -1.16415e-10 0 -0.122115 -0.00214222 0.992514 0 0.51524 3.20375e-07 0 1
0.992646 0.0174136 0.119796 0 -0.0175399 0.999846 0 0 -0.119778 -0.00210121 0.992799 0 0.51524 3.20375e-07 0 1
0.992859 0.0174173 0.11802 0 -0.0175399 0.999846 1.16415e-10 0 -0.118002 -0.00207005 0.993011 0 0.51524 3.20375e-07 0 1
0.994307 0.0174427 0.105121 0 -0.0175399 0.999846 5.82077e-11 0 -0.105105 -0.00184381 0.994459 0 0.51524 3.20375e-07 0 1
0.996068 0.0174736 0.0868579 0 -0.0175399 0.999846 0 0 -0.0868445 -0.00152348 0.996221 0 0.51524 3.20375e-07 0 1
0.997674 0.0175018 0.0658887 0 -0.0175399 0.999846 0 0 -0.0658785 -0.00115568 0.997827 0 0.51524 3.20375e-07 0 1
0.998838 0.0175222 0.0448903 0 -0.0175399 0.999846 8.73115e-11 0 -0.0448834 -0.00078737 0.998992 0 0.51524 3.20375e-07 0 1
0.999494 0.0175337 0.0265544 0 -0.0175399 0.999846 0 0 -0.0265503 -0.00046576 0.999647 0 0.51524 3.20375e-07 0 1
0.999754 0.0175383 0.0135769 0 -0.0175399 0.999846 0 0 -0.0135749 -0.000238138 0.999908 0 0.51524 3.20375e-07 0 1
0.999809 0.0175392 0.00865258 0 -0.0175399 0.999846 0 0 -0.00865125 -0.000151765 0.999963 0 0.51524 3.20375e-07 0 1
0.999806 0.0175392 -0.00900164 0 -0.0175399 0.999846 -7.27596e-12 0 0.00900025 0.000157888 0.999959 0 0.51524 3.20375e-07 0 1
L_Root
40
1600
41
0.619183 0.785247 0 0 -0.785247 0.619183 0 0 0 0 1 0 0.704996 1.70432e-07 0 1
0.619183 0.785247 0 0 -0.785247 0.619183 0 0 0 0 1 0 0.704996 1.70432e-07 0 1
0.619183 0.785247 0 0 -0.785247 0.619183 0 0 0 0 1 0 0.704996 1.70432e-07 0 1
0.619183 0.785247 0 0 -0.785247 0.619183 0 0 0 0 1 0 0.704996 1.70432e-07 0 1
0.619183 0.785247 0 0 -0.785247 0.619183 0 0 0 0 1 0 0.704996 1.70432e-07 0 1
0.619183 0.785247 0 0 -0.785247 0.619183 0 0 0 0 1 0 0.704996 1.70432e-07 0 1
0.619183 0.785247 0 0 -0.785247 0.619183 0 0 0 0 1 0 0.704996 1.70432e-07 0 1
0.619183 0.785247 0 0 -0.785247 0.619183 0 0 0 0 1 0 0.704996 1.70432e-07 0 1
0.619183 0.785247 0 0 -0.785247 0.619183 0 0 0 0 1 0 0.704996 1.70432e-07 0 1
0.619183 0.785247 0 0 -0.785247 0.619183 0 0 0 0 1 0 0.704996 1.70432e-07 0 1
0.619183 0.785247 0 0 -0.785247 0.619183 0 0 0 0 1 0 0.704996 1.70432e-07 0 1
0.619183 0.785247 0 0 -0.785247 0.619183 0 0 0 0 1 0 0.704996 1.70432e-07 0 1
0.619183 0.785247 0 0 -0.785247 0.619183 0 0 0 0 1 0 0.704996 1.70432e-07 0 1
0.619183 0.785247 0 0 -0.785247 0.619183 0 0 0 0 1 0 0.704996 1.70432e-07 0 1
0.619183 0.785247 0 0 -0.785247 0.619183 0 0 0 0 1 0 0.704996 1.70432e-07 0 1
0.619183 0.785247 0 0 -0.785247 0.619183 0 0 0 0 1 0 0.704996 1.70432e-07 0 1
0.619183 0.785247 0 0 -0.785247 0.619183 0 0 0 0 1 0 0.704996 1.70432e-07 0 1
0.619183 0.785247 0 0 -0.785247 0.619183 0 0 0 0 1 0 0.704996 1.70432e-07 0 1
0.619183 0.785247 0 0 -0.785247 0.619183 0 0 0 0 1 0 0.704996 1.70432e-07 0 1
0.619183 0.785247 0 0 -0.785247 0.619183 0 0 0 0 1 0 0.704996 1.70432e-07 0 1
0.619183 0.785247 0 0 -0.785247 0.619183 0 0 0 0 1 0 0.704996 1.70432e-07 0 1
0.619183 0.785247 0 0 -0.785247 0.619183 0 0 0 0 1 0 0.704996 1.70432e-07 0 1
0.619183 0.785247 0 0 -0.785247 0.619183 0 0 0 0 1 0 0.704996 1.70432e-07 0 1
0.619183 0.785247 0 0 -0.785247 0.619183 0 0 0 0 1 0 0.704996 1.70432e-07 0 1
0.619183 0.785247 0 0 -0.785247 0.619183 0 0 0 0 1 0 0.704996 1.70432e-07 0 1
0.619183 0.785247 0 0 -0.785247 0.619183 0 0 0 0 1 0 0.704996 1.70432e-07 0 1
0.619183 0.785247 0 0 -0.785247 0.619183 0 0 0 0 1 0 0.704996 1.70432e-07 0 1
0.619183 0.785247 0 0 -0.785247 0.619183 0 0 0 0 1 0 0.704996 1.70432e-07 0 1
0.619183 0.785247 0 0 -0.785247 0.619183 0 0 0 0 1 0 0.704996 1.70432e-07 0 1
0.619183 0.785247 0 0 -0.785247 0.619183 0 0 0 0 1 0 0.704996 1.70432e-07 0 1
0.619183 0.785247 0 0 -0.785247 0.619183 0 0 0 0 1 0 0.704996 1.70432e-07 0 1
0.619183 0.785247 0 0 -0.785247 0.619183 0 0 0 0 1 0 0.704996 1.70432e-07 0 1
0.619183 0.785247 0 0 -0.785247 0.619183 0 0 0 0 1 0 0.704996 1.70432e-07 0 1
0.619183 0.785247 0 0 -0.785247 0.619183 0 0 0 0 1 0 0.704996 1.70432e-07 0 1
0.619183 0.785247 0 0 -0.785247 0.619183 0 0 0 0 1 0 0.704996 1.70432e-07 0 1
0.619183 0.785247 0 0 -0.785247 0.619183 0 0 0 0 1 0 0.704996 1.70432e-07 0 1
0.619183 0.785247 0 0 -0.785247 0.619183 0 0 0 0 1 0 0.704996 1.70432e-07 0 1
0.619183 0.785247 0 0 -0.785247 0.619183 0 0 0 0 1 0 0.704996 1.70432e-07 0 1
0.619183 0.785247 0 0 -0.785247 0.619183 0 0 0 0 1 0 0.704996 1.70432e-07 0 1
0.619183 0.785247 0 0 -0.785247 0.619183 0 0 0 0 1 0 0.704996 1.70432e-07 0 1
0.619183 0.785247 0 0 -0.785247 0.619183 0 0 0 0 1 0 0.704996 1.70432e-07 0 1
Mid
40
1600
41
1 0.00047468 0 0 -0.00047468 1 0 0 0 0 1 0 0.704996 1.06171e-07 0 1
1 0.00047468 0 0 -0.00047468 1 0 0 0 0 1 0 0.704996 1.06171e-07 0 1
1 0.00047468 0 0 -0.00047468 1 0 0 0 0 1 0 0.704996 1.06171e-07 0 1
1 0.00047468 0 0 -0.00047468 1 0 0 0 0 1 0 0.704996 1.06171e-07 0 1
1 0.00047468 0 0 -0.00047468 1 0 0 0 0 1 0 0.704996 1.06171e-07 0 1
1 0.00047468 0 0 -0.00047468 1 0 0 0 0 1 0 0.704996 1.06171e-07 0 1
1 0.00047468 0 0 -0.00047468 1 0 0 0 0 1 0 0.704996 1.06171e-07 0 1
1 0.00047468 0 0 -0.00047468 1 0 0 0 0 1 0 0.704996 1.06171e-07 0 1
1 0.00047468 0 0 -0.00047468 1 0 0 0 0 1 0 0.704996 1.06171e-07 0 1
1 0.00047468 0 0 -0.00047468 1 0 0 0 0 1 0 0.704996 1.06171e-07 0 1
1 0.00047468 0 0 -0.00047468 1 0 0 0 0 1 0 0.704996 1.06171e-07 0 1
1 0.00047468 0 0 -0.00047468 1 0 0 0 0 1 0 0.704996 1.06171e-07 0 1
1 0.00047468 0 0 -0.00047468 1 0 0 0 0 1 0 0.704996 1.06171e-07 0 1
1 0.00047468 0 0 -0.00047468 1 0 0 0 0 1 0 0.704996 1.06171e-07 0 1
1 0.00047468 0 0 -0.00047468 1 0 0 0 0 1 0 0.704996 1.06171e-07 0 1
1 0.00047468 0 0 -0.00047468 1 0 0 0 0 1 0 0.704996 1.06171e-07 0 1
1 0.00047468 0 0 -0.00047468 1 0 0 0 0 1 0 0.704996 1.06171e-07 0 1
1 0.00047468 0 0 -0.00047468 1 0 0 0 0 1 0 0.704996 1.06171e-07 0 1
1 0.00047468 0 0 -0.00047468 1 0 0 0 0 1 0 0.704996 1.06171e-07 0 1
1 0.00047468 0 0 -0.00047468 1 0 0 0 0 1 0 0.704996 1.06171e-07 0 1
1 0.00047468 0 0 -0.00047468 1 0 0 0 0 1 0 0.704996 1.06171e-07 0 1
1 0.00047468 0 0 -0.00047468 1 0 0 0 0 1 0 0.704996 1.06171e-07 0 1
1 0.00047468 0 0 -0.00047468 1 0 0 0 0 1 0 0.704996 1.06171e-07 0 1
1 0.00047468 0 0 -0.00047468 1 0 0 0 0 1 0 0.704996 1.06171e-07 0 1
1 0.00047468 0 0 -0.00047468 1 0 0 0 0 1 0 0.704996 1.06171e-07 0 1
1 0.00047468 0 0 -0.00047468 1 0 0 0 0 1 0 0.704996 1.06171e-07 0 1
1 0.00047468 0 0 -0.00047468 1 0 0 0 0 1 0 0.704996 1.06171e-07 0 1
1 0.00047468 0 0 -0.00047468 1 0 0 0 0 1 0 0.704996 1.06171e-07 0 1
1 0.00047468 0 0 -0.00047468 1 0 0 0 0 1 0 0.704996 1.06171e-07 0 1
1 0.00047468 0 0 -0.00047468 1 0 0 0 0 1 0 0.704996 1.06171e-07 0 1
1 0.00047468 0 0 -0.00047468 1 0 0 0 0 1 0 0.704996 1.06171e-07 0 1
1 0.00047468 0 0 -0.00047468 1 0 0 0 0 1 0 0.704996 1.06171e-07 0 1
1 0.00047468 0 0 -0.00047468 1 0 0 0 0 1 0 0.704996 1.06171e-07 0 1
1 0.00047468 0 0 -0.00047468 1 0 0 0 0 1 0 0.704996 1.06171e-07 0 1
1 0.00047468 0 0 -0.00047468 1 0 0 0 0 1 0 0.704996 1.06171e-07 0 1
1 0.00047468 0 0 -0.00047468 1 0 0 0 0 1 0 0.704996 1.06171e-07 0 1
1 0.00047468 0 0 -0.00047468 1 0 0 0 0 1 0 0.704996 1.06171e-07 0 1
1 0.00047468 0 0 -0.00047468 1 0 0 0 0 1 0 0.704996 1.06171e-07 0 1
1 0.00047468 0 0 -0.00047468 1 0 0 0 0 1 0 0.704996 1.06171e-07 0 1
1 0.00047468 0 0 -0.00047468 1 0 0 0 0 1 0 0.704996 1.06171e-07 0 1
1 0.00047468 0 0 -0.00047468 1 0 0 0 0 1 0 0.704996 1.06171e-07 0 1
Neck
40
1600
41
0.999571 0.0292889 0 0 -0.0292889 0.999571 0 0 0 0 1 0 0.732117 1.3411e-07 0 1
0.999571 0.0292889 0 0 -0.0292889 0.999571 0 0 0 0 1 0 0.732117 1.3411e-07 0 1
0.999571 0.0292889 0 0 -0.0292889 0.999571 0 0 0 0 1 0 0.732117 1.3411e-07 0 1
0.999571 0.0292889 0 0 -0.0292889 0.999571 0 0 0 0 1 0 0.732117 1.3411e-07 0 1
0.999571 0.0292889 0 0 -0.0292889 0.999571 0 0 0 0 1 0 0.732117 1.3411e-07 0 1
0.999571 0.0292889 0 0 -0.0292889 0.999571 0 0 0 0 1 0 0.732117 1.3411e-07 0 1
0.999571 0.0292889 0 0 -0.0292889 0.999571 0 0 0 0 1 0 0.732117 1.3411e-07 0 1
0.999571 0.0292889 0 0 -0.0292889 0.999571 0 0 0 0 1 0 0.732117 1.3411e-07 0 1
0.999571 0.0292889 0 0 -0.0292889 0.999571 0 0 0 0 1 0 0.732117 1.3411e-07 0 1
0.999571 0.0292889 0 0 -0.0292889 0.999571 0 0 0 0 1 0 0.732117 1.3411e-07 0 1
0.999571 0.0292889 0 0 -0.0292889 0.999571 0 0 0 0 1 0 0.732117 1.3411e-07 0 1
0.999571 0.0292889 0 0 -0.0292889 0.999571 0 0 0 0 1 0 0.732117 1.3411e-07 0 1
0.999571 0.0292889 0 0 -0.0292889 0.999571 0 0 0 0 1 0 0.732117 1.3411e-07 0 1
0.999571 0.0292889 0 0 -0.0292889 0.999571 0 0 0 0 1 0 0.732117 1.3411e-07 0 1
0.999571 0.0292889 0 0 -0.0292889 0.999571 0 0 0 0 1 0 0.732117 1.3411e-07 0 1
0.999571 0.0292889 0 0 -0.0292889 0.999571 0 0 0 0 1 0 0.732117 1.3411e-07 0 1
0.999571 0.0292889 0 0 -0.0292889 0.999571 0 0 0 0 1 0 0.732117 1.3411e-07 0 1
0.999571 0.0292889 0 0 -0.0292889 0.999571 0 0 0 0 1 0 0.732117 1.3411e-07 0 1
0.999571 0.0292889 0 0 -0.0292889 0.999571 0 0 0 0 1 0 0.732117 1.3411e-07 0 1
0.999571 0.0292889 0 0 -0.0292889 0.999571 0 0 0 0 1 0 0.732117 1.3411e-07 0 1
0.999571 0.0292889 0 0 -0.0292889 0.999571 0 0 0 0 1 0 0.732117 1.3411e-07 0 1
0.999571 0.0292889 0 0 -0.0292889 0.999571 0 0 0 0 1 0 0.732117 1.3411e-07 0 1
0.999571 0.0292889 0 0 -0.0292889 0.999571 0 0 0 0 1 0 0.732117 1.3411e-07 0 1
0.999571 0.0292889 0 0 -0.0292889 0.999571 0 0 0 0 1 0 0.732117 1.3411e-07 0 1
0.999571 0.0292889 0 0 -0.0292889 0.999571 0 0 0 0 1 0 0.732117 1.3411e-07 0 1
0.999571 0.0292889 0 0 -0.0292889 0.999571 0 0 0 0 1 0 0.732117 1.3411e-07 0 1
0.999571 0.0292889 0 0 -0.0292889 0.999571 0 0 0 0 1 0 0.732117 1.3411e-07 0 1
0.999571 0.0292889 0 0 -0.0292889 0.999571 0 0 0 0 1 0 0.732117 1.3411e-07 0 1
0.999571 0.0292889 0 0 -0.0292889 0.999571 0 0 0 0 1 0 0.732117 1.3411e-07 0 1
0.999571 0.0292889 0 0 -0.0292889 0.999571 0 0 0 0 1 0 0.732117 1.3411e-07 0 1
0.999571 0.0292889 0 0 -0.0292889 0.999571 0 0 0 0 1 0 0.732117 1.3411e-07 0 1
0.999571 0.0292889 0 0 -0.0292889 0.999571 0 0 0 0 1 0 0.732117 1.3411e-07 0 1
0.999571 0.0292889 0 0 -0.0292889 0.999571 0 0 0 0 1 0 0.732117 1.3411e-07 0 1
0.999571 0.0292889 0 0 -0.0292889 0.999571 0 0 0 0 1 0 0.732117 1.3411e-07 0 1
0.999571 0.0292889 0 0 -0.0292889 0.999571 0 0 0 0 1 0 0.732117 1.3411e-07 0 1
0.999571 0.0292889 0 0 -0.0292889 0.999571 0 0 0 0 1 0 0.732117 1.3411e-07 0 1
0.999571 0.0292889 0 0 -0.0292889 0.999571 0 0 0 0 1 0 0.732117 1.3411e-07 0 1
0.999571 0.0292889 0 0 -0.0292889 0.999571 0 0 0 0 1 0 0.732117 1.3411e-07 0 1
0.999571 0.0292889 0 0 -0.0292889 0.999571 0 0 0 0 1 0 0.732117 1.3411e-07 0 1
0.999571 0.0292889 0 0 -0.0292889 0.999571 0 0 0 0 1 0 0.732117 1.3411e-07 0 1
0.999571 0.0292889 0 0 -0.0292889 0.999571 0 0 0 0 1 0 0.732117 1.3411e-07 0 1
R1
40
1600
41
0.760104 -0.64975 -0.00812356 0 0.649774 0.760128 0.000278637 0 0.0059939 -0.00549027 0.999967 0 0.428604 1.49012e-08 0 1
0.759855 -0.649392 -0.0301644 0 0.649711 0.76018 0.00103435 0 0.0222587 -0.0203841 0.999544 0 0.428604 1.49012e-08 0 1
0.758815 -0.64829 -0.0626103 0 0.649665 0.760218 0.00214476 0 0.046207 -0.0423032 0.998036 0 0.428604 1.49012e-08 0 1
0.756476 -0.646033 -0.101912 0 0.649682 0.760199 0.00348349 0 0.075223 -0.0688456 0.994787 0 0.428604 1.49012e-08 0 1
0.752593 -0.642437 -0.144497 0 0.649789 0.760099 0.00492155 0 0.10667 -0.0975966 0.989493 0 0.428604 1.49012e-08 0 1
0.747322 -0.63766 -0.186816 0 0.64999 0.759917 0.00633226 0 0.137927 -0.126161 0.982374 0 0.428604 1.49012e-08 0 1
0.741262 -0.632237 -0.225405 0 0.650255 0.759679 0.00759776 0 0.166431 -0.152202 0.974236 0 0.428604 1.49012e-08 0 1
0.735403 -0.627033 -0.256927 0 0.65053 0.759432 0.00861339 0 0.189717 -0.173473 0.966393 0 0.428604 1.49012e-08 0 1
0.730984 -0.623125 -0.278168 0 0.650745 0.759239 0.00928712 0 0.205409 -0.187805 0.960488 0 0.428604 1.49012e-08 0 1
0.729265 -0.621609 -0.285961 0 0.650831 0.759163 0.00953195 0 0.211166 -0.193064 0.958194 0 0.428604 1.49012e-08 0 1
0.730656 -0.622846 -0.279651 0 0.650767 0.75922 0.00933351 0 0.206503 -0.188807 0.960056 0 0.428604 1.49012e-08 0 1
0.734318 -0.626108 -0.262232 0 0.650602 0.759368 0.00878141 0 0.193633 -0.177057 0.964965 0 0.428604 1.49012e-08 0 1
0.739363 -0.630617 -0.235935 0 0.650382 0.759566 0.00793684 0 0.174203 -0.159316 0.971736 0 0.428604 1.49012e-08 0 1
0.744874 -0.635572 -0.203004 0 0.650154 0.759772 0.00686246 0 0.149875 -0.137095 0.979154 0 0.428604 1.49012e-08 0 1
0.750054 -0.64027 -0.165753 0 0.64996 0.759948 0.00562831 0 0.12236 -0.111954 0.986151 0 0.428604 1.49012e-08 0 1
0.754318 -0.644191 -0.126583 0 0.649827 0.76007 0.00431334 0 0.093433 -0.0855104 0.991947 0 0.428604 1.49012e-08 0 1
0.757359 -0.647047 -0.087969 0 0.649764 0.760131 0.00300421 0 0.0649241 -0.0594343 0.996119 0 0.428604 1.49012e-08 0 1
0.759155 -0.648795 -0.05243 0 0.649759 0.760139 0.00179192 0 0.0386915 -0.0354272 0.998623 0 0.428604 1.49012e-08 0 1
0.759937 -0.649608 -0.0224896 0 0.649785 0.760118 0.000767993 0 0.0165959 -0.0151971 0.999747 0 0.428604 1.49012e-08 0 1
0.760103 -0.649803 -0.0006526 0 0.649803 0.760103 2.18033e-05 0 0.000481875 -0.000440634 1 0 0.428604 1.49012e-08 0 1
0.760016 -0.649726 0.0152417 0 0.649808 0.760099 -0.000519048 0 -0.0112479 0.0102986 0.999884 0 0.428604 1.49012e-08 0 1
0.759786 -0.649522 0.0290925 0 0.649818 0.760089 -0.000988005 0 -0.0214712 0.0196555 0.999576 0 0.428604 1.49012e-08 0 1
0.759474 -0.649243 0.041025 0 0.649832 0.760077 -0.00138967 0 -0.0302799 0.0277148 0.999157 0 0.428604 1.49012e-08 0 1
0.759126 -0.648929 0.0511655 0 0.649847 0.760063 -0.00172878 0 -0.0377671 0.0345621 0.998689 0 0.428604 1.49012e-08 0 1
0.758778 -0.648614 0.0596408 0 0.64986 0.760051 -0.00201017 0 -0.0440262 0.0402835 0.998218 0 0.428604 1.49012e-08 0 1
0.758454 -0.648318 0.0665778 0 0.649871 0.760041 -0.00223864 0 -0.0491505 0.0449649 0.997779 0 0.428604 1.49012e-08 0 1
0.758171 -0.648057 0.0721031 0 0.64988 0.760033 -0.002419 0 -0.0532331 0.0486923 0.997394 0 0.428604 1.49012e-08 0 1
0.75794 -0.647842 0.0763428 0 0.649885 0.760028 -0.00255605 0 -0.0563668 0.0515514 0.997078 0 0.428604 1.49012e-08 0 1
0.757765 -0.647677 0.0794227 0 0.649888 0.760026 -0.0026545 0 -0.058644 0.0536273 0.996837 0 0.428604 1.49012e-08 0 1
0.757645 -0.647563 0.0814681 0 0.649889 0.760025 -0.00271906 0 -0.060157 0.0550053 0.996672 0 0.428604 1.49012e-08 0 1
0.757578 -0.647497 0.0826039 0 0.649888 0.760025 -0.0027544 0 -0.0609975 0.05577 0.996579 0 0.428604 1.49012e-08 0 1
