R3D_DYNAMI HIERARCHYBirdRootT$ 1 BirdRootPreR$ 1 BirdRootR$ 1 BirdRootS$ 1 BirdRoot 3 R_Root 1 R1 1 R2 1 R3 0 L_Root 1 L1 1 L2 1 L3 0 Mid 1 Neck 1 Head 0 
16
BirdRootT$
1 0 0 0 0 1 0 0 0 0 1 0 -0.00193485 0 0.97696 1
1 0 0 0 0 1 0 0 0 0 1 0 0 0 0 1
BirdRootPreR$
1 0 0 0 0 -4.37114e-08 -1 0 0 1 -4.37114e-08 0 0 0 0 1
1 0 0 0 0 1 0 0 0 0 1 0 0 0 0 1
BirdRootR$
0.0128195 0.999918 0.000306873 0 -0.999918 0.0128195 0 0 -3.93398e-06 -0.000306848 1 0 0 0 0 1
1 0 0 0 0 1 0 0 0 0 1 0 0 0 0 1
BirdRootS$
1 0 0 0 0 1 0 0 0 0 1 0 0 0 0 1
1 0 0 0 0 1 0 0 0 0 1 0 0 0 0 1
BirdRoot
1 0 0 0 0 1 0 0 0 0 1 0 0 0 0 1
0.0128195 -0.999918 6.12273e-17 0 0.999918 0.0128195 -4.37114e-08 0 4.37078e-08 5.60358e-10 1 0 0.976904 0.0105894 -0.1 1
Mid
1 0.00047468 0 0 -0.00047468 1 0 0 0 0 1 0 0.704996 1.06171e-07 0 1
0.0123449 -0.999924 6.12277e-17 0 0.999924 0.0123449 -4.37114e-08 0 4.37081e-08 5.39611e-10 1 0 0.271914 0.0104603 -0.1 1
Neck
0.999571 0.0292889 0 0 -0.0292889 0.999571 0 0 0 0 1 0 0.732117 1.3411e-07 0 1
-0.0169471 -0.999856 6.12411e-17 0 0.999856 -0.0169471 -4.37114e-08 0 4.37051e-08 -7.4078e-10 1 0 -0.4597 0.0239345 -0.1 1
Head
0.999856 -0.0169469 0.000708652 0 0.0169469 0.999856 9.09495e-13 0 -0.00070855 1.20095e-05 1 0 0.533283 0 0 1
1.32248e-07 -1 6.12323e-17 0 1 1.32248e-07 -4.37114e-08 0 4.37114e-08 5.84197e-15 1 0 -0.993246 0.00710275 -0.1 1
L_Root
0.619183 0.785247 0 0 -0.785247 0.619183 0 0 0 0 1 0 0.704996 1.70432e-07 0 1
-0.777245 -0.629198 8.39374e-17 0 0.629198 -0.777245 -4.37114e-08 0 2.75031e-08 -3.39744e-08 1 0 0.176676 -0.206959 -0.1 1
L1
0.777213 0.629173 -0.00900164 0 -0.629199 0.777244 4.65661e-10 0 0.00699647 0.00566382 0.999959 0 0.488368 1.3411e-07 0 1
-1 5.96047e-08 1.22465e-16 0 -5.96047e-08 -1 -4.37114e-08 0 -2.48294e-15 -4.37114e-08 1 0 -0.372479 0.0352585 -0.1 1
L2
0.999805 -0.0175668 -0.00900021 0 0.017566 0.999846 -0.000163563 0 0.00900169 5.43351e-06 0.999959 0 0.632636 -1.86265e-07 0 1
-0.999846 -0.0175409 1.21391e-16 0 0.0175409 -0.999846 -4.37114e-08 0 7.66738e-10 -4.37047e-08 1 0 -1.00558 0.0176225 -0.1 1
L3
0.999806 0.0175392 -0.00900164 0 -0.0175399 0.999846 -7.27596e-12 0 0.00900025 0.000157888 0.999959 0 0.51524 3.20375e-07 0 1
-1 -1.04308e-06 1.22465e-16 0 1.04308e-06 -1 -4.37114e-08 0 4.5717e-14 -4.37114e-08 1 0 -1.52028 0.0442945 -0.1 1
R_Root
0.684174 -0.729319 0.000177311 0 0.729319 0.684174 -0.000162404 0 -2.86728e-06 0.000240429 1 0 0.704996 1.07102e-07 0 1
1 0 0 0 0 1 0 0 0 0 1 0 0 0 0 1
R1
0.760104 -0.64975 -0.00812356 0 0.649774 0.760128 0.000278637 0 0.0059939 -0.00549027 0.999967 0 0.428604 1.49012e-08 0 1
0.999445 -0.0333145 2.03993e-18 0 0.0333145 0.999445 -4.37114e-08 0 1.45622e-09 4.36871e-08 1 0 -0.323819 -0.0064004 -0.1 1
R2
0.998769 -0.0489429 -0.00812718 0 0.0489434 0.998802 -0.000130681 0 0.00812384 -0.000267252 0.999967 0 0.542571 5.7742e-08 0 1
0.999878 0.0156236 -9.56671e-19 0 -0.0156236 0.999878 -4.37114e-08 0 -6.8293e-10 4.3706e-08 1 0 -0.86504 -0.0487813 -0.1 1
R3
0.999531 0.0295068 -0.0081282 0 -0.0295077 0.999564 7.27596e-12 0 0.00812466 0.000239845 0.999967 0 0.578471 3.35276e-08 0 1
0.999904 -0.0138873 8.50352e-19 0 0.0138873 0.999904 -4.37114e-08 0 6.07033e-10 4.37072e-08 1 0 -1.44432 -0.00616538 -0.1 1
