R3D_DYNAMI ANIMATION
9
bnmainT$
20
800
41
1 0 0 0 0 1 0 0 0 0 1 0 0 0.655374 2.86473e-08 1
1 0 0 0 0 1 0 0 0 0 1 0 -1.25834e-10 0.654901 0.00287877 1
1 0 0 0 0 1 0 0 0 0 1 0 -4.67578e-10 0.653494 0.010697 1
1 0 0 0 0 1 0 0 0 0 1 0 -9.7173e-10 0.651171 0.0222306 1
1 0 0 0 0 1 0 0 0 0 1 0 -1.5849e-09 0.647951 0.0362584 1
1 0 0 0 0 1 0 0 0 0 1 0 -2.25375e-09 0.643851 0.0515599 1
1 0 0 0 0 1 0 0 0 0 1 0 -3.15994e-09 0.637432 0.0722911 1
1 0 0 0 0 1 0 0 0 0 1 0 -4.33891e-09 0.628682 0.0992628 1
1 0 0 0 0 1 0 0 0 0 1 0 -5.51829e-09 0.61976 0.126244 1
1 0 0 0 0 1 0 0 0 0 1 0 -6.42583e-09 0.612824 0.147006 1
1 0 0 0 0 1 0 0 0 0 1 0 -6.789e-09 0.610031 0.155314 1
1 0 0 0 0 1 0 0 0 0 1 0 -6.42583e-09 0.612824 0.147006 1
1 0 0 0 0 1 0 0 0 0 1 0 -5.51829e-09 0.61976 0.126244 1
1 0 0 0 0 1 0 0 0 0 1 0 -4.33891e-09 0.628682 0.0992627 1
1 0 0 0 0 1 0 0 0 0 1 0 -3.15994e-09 0.637432 0.0722911 1
1 0 0 0 0 1 0 0 0 0 1 0 -2.25375e-09 0.643851 0.0515599 1
1 0 0 0 0 1 0 0 0 0 1 0 -1.5849e-09 0.647951 0.0362584 1
1 0 0 0 0 1 0 0 0 0 1 0 -9.7173e-10 0.651171 0.0222306 1
1 0 0 0 0 1 0 0 0 0 1 0 -4.67578e-10 0.653494 0.010697 1
1 0 0 0 0 1 0 0 0 0 1 0 -1.25834e-10 0.654901 0.00287877 1
1 0 0 0 0 1 0 0 0 0 1 0 0 0.655374 2.86473e-08 1
1 0 0 0 0 1 0 0 0 0 1 0 -2.30317e-10 0.655374 0.00526907 1
1 0 0 0 0 1 0 0 0 0 1 0 -8.16703e-10 0.655374 0.018684 1
1 0 0 0 0 1 0 0 0 0 1 0 -1.60258e-09 0.655374 0.0366629 1
1 0 0 0 0 1 0 0 0 0 1 0 -2.43156e-09 0.655374 0.0556277 1
1 0 0 0 0 1 0 0 0 0 1 0 -3.14721e-09 0.655374 0.0719998 1
1 0 0 0 0 1 0 0 0 0 1 0 -3.83928e-09 0.649459 0.0878325 1
1 0 0 0 0 1 0 0 0 0 1 0 -4.61206e-09 0.635356 0.105512 1
1 0 0 0 0 1 0 0 0 0 1 0 -5.33086e-09 0.618526 0.121956 1
1 0 0 0 0 1 0 0 0 0 1 0 -5.86104e-09 0.604424 0.134085 1
1 0 0 0 0 1 0 0 0 0 1 0 -6.06778e-09 0.598508 0.138815 1
1 0 0 0 0 1 0 0 0 0 1 0 -5.86104e-09 0.604424 0.134085 1
1 0 0 0 0 1 0 0 0 0 1 0 -5.33086e-09 0.618526 0.121956 1
1 0 0 0 0 1 0 0 0 0 1 0 -4.61206e-09 0.635356 0.105512 1
1 0 0 0 0 1 0 0 0 0 1 0 -3.83928e-09 0.649459 0.0878325 1
1 0 0 0 0 1 0 0 0 0 1 0 -3.14721e-09 0.655374 0.0719998 1
1 0 0 0 0 1 0 0 0 0 1 0 -2.43156e-09 0.655374 0.0556277 1
1 0 0 0 0 1 0 0 0 0 1 0 -1.60258e-09 0.655374 0.0366629 1
1 0 0 0 0 1 0 0 0 0 1 0 -8.16703e-10 0.655374 0.018684 1
1 0 0 0 0 1 0 0 0 0 1 0 -2.30317e-10 0.655374 0.00526907 1
1 0 0 0 0 1 0 0 0 0 1 0 0 0.655374 2.86473e-08 1
llegjon
20
800
41
-2.38419e-07 -1 0.000835931 0 1 -2.38419e-07 1.6042e-07 0 -1.60275e-07 0.000835931 1 0 0.2 0 3.20875e-08 1
-2.38419e-07 -0.999995 0.00310441 0 1 -2.38419e-07 1.6042e-07 0 -1.59955e-07 0.00310441 0.999995 0 0.2 0 3.20875e-08 1
-1.19209e-07 -0.999979 0.00644683 0 1 -1.19209e-07 1.60187e-07 0 -1.59256e-07 0.00644683 0.999979 0 0.2 0 3.20875e-08 1
-3.57628e-07 -0.999945 0.0105049 0 1 -3.57628e-07 1.61584e-07 0 -1.57859e-07 0.0105049 0.999945 0 0.2 0 3.20875e-08 1
-1.19209e-07 -0.999889 0.0149206 0 1 -1.19209e-07 1.59722e-07 0 -1.57859e-07 0.0149206 0.999889 0 0.2 0 3.20875e-08 1
-3.57628e-07 -0.999813 0.0193359 0 1 -3.57628e-07 1.61119e-07 0 -1.53668e-07 0.0193359 0.999813 0 0.2 0 3.20875e-08 1
-2.38419e-07 -0.999727 0.0233932 0 1 -2.38419e-07 1.6205e-07 0 -1.57394e-07 0.0233932 0.999726 0 0.2 0 3.20875e-08 1
-1.19209e-07 -0.999642 0.0267346 0 1 -1.19209e-07 1.61119e-07 0 -1.57394e-07 0.0267346 0.999643 0 0.2 0 3.20875e-08 1
-3.57628e-07 -0.999579 0.0290022 0 1 -3.57628e-07 1.62981e-07 0 -1.52737e-07 0.0290022 0.999579 0 0.2 0 3.20875e-08 1
-1.19209e-07 -0.999555 0.0298378 0 1 0 1.59256e-07 0 -1.56462e-07 0.0298378 0.999555 0 0.2 0 3.20875e-08 1
0 -0.999567 0.0294389 0 1 0 1.59256e-07 0 -1.59256e-07 0.0294389 0.999567 0 0.2 0 3.20875e-08 1
-2.38419e-07 -0.9996 0.0282872 0 1 -2.38419e-07 1.62981e-07 0 -1.56462e-07 0.0282872 0.9996 0 0.2 0 3.20875e-08 1
-3.57628e-07 -0.99965 0.0264497 0 1 -3.57628e-07 1.65775e-07 0 -1.56462e-07 0.0264497 0.99965 0 0.2 0 3.20875e-08 1
-2.38419e-07 -0.999712 0.0239934 0 1 -2.38419e-07 1.65775e-07 0 -1.58325e-07 0.0239934 0.999712 0 0.2 0 3.20875e-08 1
0 -0.99978 0.0209851 0 1 0 1.57394e-07 0 -1.57394e-07 0.0209851 0.99978 0 0.2 0 3.20875e-08 1
2.38419e-07 -0.999847 0.0174916 0 1 2.38419e-07 1.58325e-07 0 -1.6205e-07 0.0174916 0.999847 0 0.2 0 3.20875e-08 1
0 -0.999908 0.0135796 0 1 0 1.5879e-07 0 -1.59722e-07 0.0135796 0.999908 0 0.2 0 3.20875e-08 1
-1.19209e-07 -0.999957 0.00931581 0 1 0 1.60187e-07 0 -1.59256e-07 0.00931581 0.999957 0 0.2 0 3.20875e-08 1
-1.19209e-07 -0.999989 0.00476703 0 1 -1.19209e-07 1.6042e-07 0 -1.59955e-07 0.00476703 0.999989 0 0.2 0 3.20875e-08 1
-1.19209e-07 -1 -7.10543e-15 0 1 -1.19209e-07 1.60438e-07 0 -1.60438e-07 2.13163e-14 1 0 0.2 0 3.20875e-08 1
-4.76837e-07 -0.999971 -0.00757532 0 1 -4.76837e-07 1.59722e-07 0 -1.62749e-07 -0.00757532 0.999971 0 0.2 0 3.20875e-08 1
-1.19209e-07 -0.999827 -0.0186175 0 1 -1.19209e-07 1.60187e-07 0 -1.63913e-07 -0.0186175 0.999827 0 0.2 0 3.20875e-08 1
-1.19209e-07 -0.999545 -0.0301656 0 1 -1.19209e-07 1.60187e-07 0 -1.63913e-07 -0.0301656 0.999545 0 0.2 0 3.20875e-08 1
-1.19209e-07 -0.999229 -0.0392626 0 1 -1.19209e-07 1.58325e-07 0 -1.65775e-07 -0.0392626 0.999229 0 0.2 0 3.20875e-08 1
1.19209e-07 -0.999077 -0.0429525 0 1 1.19209e-07 1.65775e-07 0 -1.6205e-07 -0.0429525 0.999077 0 0.2 0 3.20875e-08 1
1.19209e-07 -0.999077 -0.0429525 0 1 1.19209e-07 1.65775e-07 0 -1.6205e-07 -0.0429525 0.999077 0 0.2 0 3.20875e-08 1
1.19209e-07 -0.999077 -0.0429525 0 1 1.19209e-07 1.65775e-07 0 -1.6205e-07 -0.0429525 0.999077 0 0.2 0 3.20875e-08 1
1.19209e-07 -0.999077 -0.0429525 0 1 1.19209e-07 1.65775e-07 0 -1.6205e-07 -0.0429525 0.999077 0 0.2 0 3.20875e-08 1
1.19209e-07 -0.999077 -0.0429525 0 1 1.19209e-07 1.65775e-07 0 -1.6205e-07 -0.0429525 0.999077 0 0.2 0 3.20875e-08 1
1.19209e-07 -0.999077 -0.0429525 0 1 1.19209e-07 1.65775e-07 0 -1.6205e-07 -0.0429525 0.999077 0 0.2 0 3.20875e-08 1
1.19209e-07 -0.999077 -0.0429525 0 1 1.19209e-07 1.65775e-07 0 -1.6205e-07 -0.0429525 0.999077 0 0.2 0 3.20875e-08 1
1.19209e-07 -0.999077 -0.0429525 0 1 1.19209e-07 1.65775e-07 0 -1.6205e-07 -0.0429525 0.999077 0 0.2 0 3.20875e-08 1
1.19209e-07 -0.999077 -0.0429525 0 1 1.19209e-07 1.65775e-07 0 -1.6205e-07 -0.0429525 0.999077 0 0.2 0 3.20875e-08 1
1.19209e-07 -0.999077 -0.0429525 0 1 1.19209e-07 1.65775e-07 0 -1.6205e-07 -0.0429525 0.999077 0 0.2 0 3.20875e-08 1
1.19209e-07 -0.999077 -0.0429525 0 1 1.19209e-07 1.65775e-07 0 -1.6205e-07 -0.0429525 0.999077 0 0.2 0 3.20875e-08 1
0 -0.999259 -0.0384866 0 1 -1.19209e-07 1.6205e-07 0 -1.65775e-07 -0.0384866 0.999259 0 0.2 0 3.20875e-08 1
0 -0.999613 -0.0278373 0 1 0 1.60187e-07 0 -1.60187e-07 -0.0278373 0.999612 0 0.2 0 3.20875e-08 1
-1.19209e-07 -0.999886 -0.0151243 0 1 -1.19209e-07 1.59722e-07 0 -1.61584e-07 -0.0151243 0.999886 0 0.2 0 3.20875e-08 1
0 -0.99999 -0.00446961 0 1 0 1.60886e-07 0 -1.60886e-07 -0.00446961 0.99999 0 0.2 0 3.20875e-08 1
-1.19209e-07 -1 -7.10543e-15 0 1 -1.19209e-07 1.60438e-07 0 -1.60438e-07 2.13163e-14 1 0 0.2 0 3.20875e-08 1
-2.38419e-07 -1 0.000835931 0 1 -2.38419e-07 1.6042e-07 0 -1.60275e-07 0.000835931 1 0 0.2 0 3.20875e-08 1
luparm
20
800
41
-1.19209e-07 -0.998517 -0.0544418 0 1 -1.19209e-07 -1.86265e-09 0 -7.45058e-09 -0.0544418 0.998517 0 0.1 0 1.23194e-08 1
-2.38419e-07 -0.983061 -0.183276 0 1 -2.38419e-07 0 0 -2.98023e-08 -0.183276 0.983061 0 0.1 0 1.23194e-08 1
-1.19209e-07 -0.942994 -0.332809 0 1 -1.19209e-07 0 0 -2.98023e-08 -0.332809 0.942994 0 0.1 0 1.23194e-08 1
-2.38419e-07 -0.891962 -0.45211 0 1 -2.38419e-07 -5.96046e-08 0 -5.96046e-08 -0.452111 0.891962 0 0.1 0 1.23194e-08 1
-3.57628e-07 -0.866026 -0.5 0 1 -3.57628e-07 -2.98023e-08 0 -1.49012e-07 -0.5 0.866025 0 0.1 0 1.23194e-08 1
-3.57628e-07 -0.866026 -0.5 0 1 -3.57628e-07 -2.98023e-08 0 -1.49012e-07 -0.5 0.866025 0 0.1 0 1.23194e-08 1
-3.57628e-07 -0.866026 -0.5 0 1 -3.57628e-07 -2.98023e-08 0 -1.49012e-07 -0.5 0.866025 0 0.1 0 1.23194e-08 1
-3.57628e-07 -0.866026 -0.5 0 1 -3.57628e-07 -2.98023e-08 0 -1.49012e-07 -0.5 0.866025 0 0.1 0 1.23194e-08 1
-3.57628e-07 -0.866026 -0.5 0 1 -3.57628e-07 -2.98023e-08 0 -1.49012e-07 -0.5 0.866025 0 0.1 0 1.23194e-08 1
-3.57628e-07 -0.866026 -0.5 0 1 -3.57628e-07 -2.98023e-08 0 -1.49012e-07 -0.5 0.866025 0 0.1 0 1.23194e-08 1
-3.57628e-07 -0.866026 -0.5 0 1 -3.57628e-07 -2.98023e-08 0 -1.49012e-07 -0.5 0.866025 0 0.1 0 1.23194e-08 1
-3.57628e-07 -0.866026 -0.5 0 1 -3.57628e-07 -2.98023e-08 0 -1.49012e-07 -0.5 0.866025 0 0.1 0 1.23194e-08 1
-3.57628e-07 -0.866026 -0.5 0 1 -3.57628e-07 -2.98023e-08 0 -1.49012e-07 -0.5 0.866025 0 0.1 0 1.23194e-08 1
-3.57628e-07 -0.866026 -0.5 0 1 -3.57628e-07 -2.98023e-08 0 -1.49012e-07 -0.5 0.866025 0 0.1 0 1.23194e-08 1
-3.57628e-07 -0.866026 -0.5 0 1 -3.57628e-07 -2.98023e-08 0 -1.49012e-07 -0.5 0.866025 0 0.1 0 1.23194e-08 1
-1.19209e-07 -0.883591 -0.468259 0 1 -1.19209e-07 4.47035e-08 0 -8.9407e-08 -0.468259 0.883591 0 0.1 0 1.23194e-08 1
-1.19209e-07 -0.923443 -0.383735 0 1 -1.19209e-07 0 0 -2.98023e-08 -0.383735 0.923443 0 0.1 0 1.23194e-08 1
-2.38419e-07 -0.964791 -0.263016 0 1 -2.38419e-07 0 0 -5.96046e-08 -0.263016 0.964791 0 0.1 0 1.23194e-08 1
-1.19209e-07 -0.991919 -0.126869 0 1 -1.19209e-07 -1.49012e-08 0 7.45058e-09 -0.126869 0.991919 0 0.1 0 1.23194e-08 1
-1.19209e-07 -1 0 0 1 -1.19209e-07 0 0 0 0 1 0 0.1 0 1.23194e-08 1
-1.19209e-07 -0.990693 0.136117 0 1 -1.19209e-07 7.45058e-09 0 7.45058e-09 0.136117 0.990693 0 0.1 0 1.23194e-08 1
-2.38419e-07 -0.956009 0.293336 0 1 -2.38419e-07 1.49012e-08 0 7.45058e-08 0.293336 0.956009 0 0.1 0 1.23194e-08 1
-2.38419e-07 -0.899599 0.436717 0 1 -2.38419e-07 2.98023e-08 0 7.45058e-08 0.436717 0.899599 0 0.1 0 1.23194e-08 1
-1.19209e-07 -0.843158 0.537666 0 1 -1.19209e-07 2.98023e-08 0 5.96046e-08 0.537666 0.843158 0 0.1 0 1.23194e-08 1
-1.19209e-07 -0.817768 0.575549 0 1 -1.19209e-07 -2.98023e-08 0 8.9407e-08 0.575549 0.817768 0 0.1 0 1.23194e-08 1
-1.19209e-07 -0.817768 0.575549 0 1 -1.19209e-07 -2.98023e-08 0 8.9407e-08 0.575549 0.817768 0 0.1 0 1.23194e-08 1
-1.19209e-07 -0.817768 0.575549 0 1 -1.19209e-07 -2.98023e-08 0 8.9407e-08 0.575549 0.817768 0 0.1 0 1.23194e-08 1
-1.19209e-07 -0.817768 0.575549 0 1 -1.19209e-07 -2.98023e-08 0 8.9407e-08 0.575549 0.817768 0 0.1 0 1.23194e-08 1
-1.19209e-07 -0.817768 0.575549 0 1 -1.19209e-07 -2.98023e-08 0 8.9407e-08 0.575549 0.817768 0 0.1 0 1.23194e-08 1
-1.19209e-07 -0.817768 0.575549 0 1 -1.19209e-07 -2.98023e-08 0 8.9407e-08 0.575549 0.817768 0 0.1 0 1.23194e-08 1
-1.19209e-07 -0.817768 0.575549 0 1 -1.19209e-07 -2.98023e-08 0 8.9407e-08 0.575549 0.817768 0 0.1 0 1.23194e-08 1
-1.19209e-07 -0.817768 0.575549 0 1 -1.19209e-07 -2.98023e-08 0 8.9407e-08 0.575549 0.817768 0 0.1 0 1.23194e-08 1
-1.19209e-07 -0.817768 0.575549 0 1 -1.19209e-07 -2.98023e-08 0 8.9407e-08 0.575549 0.817768 0 0.1 0 1.23194e-08 1
-1.19209e-07 -0.817768 0.575549 0 1 -1.19209e-07 -2.98023e-08 0 8.9407e-08 0.575549 0.817768 0 0.1 0 1.23194e-08 1
-1.19209e-07 -0.817768 0.575549 0 1 -1.19209e-07 -2.98023e-08 0 8.9407e-08 0.575549 0.817768 0 0.1 0 1.23194e-08 1
-2.38419e-07 -0.852798 0.522241 0 1 -2.38419e-07 0 0 1.19209e-07 0.522241 0.852798 0 0.1 0 1.23194e-08 1
-1.19209e-07 -0.922074 0.387012 0 1 -1.19209e-07 0 0 7.45058e-08 0.387012 0.922074 0 0.1 0 1.23194e-08 1
-3.57628e-07 -0.976787 0.214212 0 1 -3.57628e-07 2.98023e-08 0 2.98023e-08 0.214212 0.976787 0 0.1 0 1.23194e-08 1
-3.57628e-07 -0.997966 0.0637543 0 1 -3.57628e-07 1.11759e-08 0 3.72529e-09 0.0637543 0.997966 0 0.1 0 1.23194e-08 1
-1.19209e-07 -1 0 0 1 -1.19209e-07 0 0 0 0 1 0 0.1 0 1.23194e-08 1
-1.19209e-07 -0.998517 -0.0544418 0 1 -1.19209e-07 -1.86265e-09 0 -7.45058e-09 -0.0544418 0.998517 0 0.1 0 1.23194e-08 1
lupleg
20
800
41
0.999876 -8.7412e-08 0.0157168 0 8.87968e-08 1 -8.7412e-08 0 -0.0157168 8.87968e-08 0.999876 0 0.1 1.49012e-08 -4.29878e-13 1
0.998475 -8.72895e-08 0.0551965 0 9.22482e-08 1 -8.72895e-08 0 -0.0551965 9.22482e-08 0.998475 0 0.1 1.49012e-08 -4.29878e-13 1
0.994273 -8.69221e-08 0.106866 0 9.67653e-08 1 -8.69221e-08 0 -0.106866 9.67653e-08 0.994273 0 0.1 1.49012e-08 -4.29878e-13 1
0.987256 -8.63087e-08 0.159139 0 1.01335e-07 1 -8.63087e-08 0 -0.159139 1.01335e-07 0.987256 0 0.1 1.49012e-08 -4.29878e-13 1
0.979662 -8.56448e-08 0.200653 0 1.04964e-07 1 -8.56448e-08 0 -0.200653 1.04964e-07 0.979662 0 0.1 1.49012e-08 -4.29878e-13 1
0.972129 -8.49862e-08 0.234447 0 1.07919e-07 1 -8.49862e-08 0 -0.234447 1.07919e-07 0.972129 0 0.1 1.49012e-08 -4.29878e-13 1
0.963417 -8.42246e-08 0.268006 0 1.10853e-07 1 -8.42246e-08 0 -0.268006 1.10853e-07 0.963417 0 0.1 1.49012e-08 -4.29878e-13 1
0.954862 -8.34767e-08 0.297049 0 1.13392e-07 1 -8.34767e-08 0 -0.297049 1.13392e-07 0.954862 0 0.1 1.49012e-08 -4.29878e-13 1
0.948277 -8.2901e-08 0.317445 0 1.15175e-07 1 -8.2901e-08 0 -0.317445 1.15175e-07 0.948277 0 0.1 1.49012e-08 -4.29878e-13 1
0.945662 -8.26724e-08 0.32515 0 1.15848e-07 1 -8.26724e-08 0 -0.32515 1.15848e-07 0.945662 0 0.1 1.49012e-08 -4.29878e-13 1
0.947867 -8.28652e-08 0.318665 0 1.15281e-07 1 -8.28652e-08 0 -0.318665 1.15281e-07 0.947867 0 0.1 1.49012e-08 -4.29878e-13 1
0.953743 -8.33788e-08 0.300625 0 1.13704e-07 1 -8.33788e-08 0 -0.300625 1.13704e-07 0.953743 0 0.1 1.49012e-08 -4.29878e-13 1
0.961986 -8.40995e-08 0.273097 0 1.11298e-07 1 -8.40995e-08 0 -0.273097 1.11298e-07 0.961986 0 0.1 1.49012e-08 -4.29878e-13 1
0.971226 -8.49073e-08 0.238159 0 1.08243e-07 1 -8.49073e-08 0 -0.238159 1.08243e-07 0.971226 0 0.1 1.49012e-08 -4.29878e-13 1
0.980209 -8.56926e-08 0.197963 0 1.04729e-07 1 -8.56926e-08 0 -0.197963 1.04729e-07 0.980209 0 0.1 1.49012e-08 -4.29878e-13 1
0.987951 -8.63694e-08 0.154769 0 1.00953e-07 1 -8.63694e-08 0 -0.154769 1.00953e-07 0.987951 0 0.1 1.49012e-08 -4.29878e-13 1
0.993827 -8.68832e-08 0.110939 0 9.71214e-08 1 -8.68832e-08 0 -0.110939 9.71214e-08 0.993827 0 0.1 1.49012e-08 -4.29878e-13 1
0.997624 -8.7215e-08 0.0689012 0 9.34463e-08 1 -8.7215e-08 0 -0.0689012 9.34463e-08 0.997624 0 0.1 1.49012e-08 -4.29878e-13 1
0.999516 -8.73805e-08 0.0311092 0 9.01424e-08 1 -8.73805e-08 0 -0.0311092 9.01424e-08 0.999516 0 0.1 1.49012e-08 -4.29878e-13 1
1 -8.74228e-08 -8.74228e-08 0 8.74228e-08 1 -8.74228e-08 0 8.74228e-08 8.74228e-08 1 0 0.1 1.49012e-08 -4.29878e-13 1
0.999617 -8.73893e-08 -0.0276626 0 8.50044e-08 1 -8.73893e-08 0 0.0276626 8.50044e-08 0.999617 0 0.1 1.49012e-08 -4.29878e-13 1
0.998424 -8.7285e-08 -0.0561234 0 8.25163e-08 1 -8.7285e-08 0 0.0561234 8.25163e-08 0.998424 0 0.1 1.49012e-08 -4.29878e-13 1
0.996425 -8.71103e-08 -0.0844788 0 8.00374e-08 1 -8.71103e-08 0 0.0844788 8.00374e-08 0.996425 0 0.1 1.49012e-08 -4.29878e-13 1
0.993727 -8.68744e-08 -0.111834 0 7.76459e-08 1 -8.68744e-08 0 0.111834 7.76459e-08 0.993727 0 0.1 1.49012e-08 -4.29878e-13 1
0.990529 -8.65948e-08 -0.137306 0 7.54191e-08 1 -8.65948e-08 0 0.137306 7.54191e-08 0.990529 0 0.1 1.49012e-08 -4.29878e-13 1
0.987112 -8.62961e-08 -0.160028 0 7.34327e-08 1 -8.62961e-08 0 0.160028 7.34327e-08 0.987112 0 0.1 1.49012e-08 -4.29878e-13 1
0.983822 -8.60084e-08 -0.179151 0 7.17609e-08 1 -8.60084e-08 0 0.179151 7.17609e-08 0.983822 0 0.1 1.49012e-08 -4.29878e-13 1
0.981033 -8.57646e-08 -0.19384 0 7.04767e-08 1 -8.57646e-08 0 0.19384 7.04767e-08 0.981033 0 0.1 1.49012e-08 -4.29878e-13 1
0.979123 -8.55977e-08 -0.203266 0 6.96527e-08 1 -8.55977e-08 0 0.203266 6.96527e-08 0.979123 0 0.1 1.49012e-08 -4.29878e-13 1
0.978426 -8.55367e-08 -0.206596 0 6.93615e-08 1 -8.55367e-08 0 0.206596 6.93615e-08 0.978426 0 0.1 1.49012e-08 -4.29878e-13 1
0.979614 -8.56406e-08 -0.20089 0 6.98605e-08 1 -8.56406e-08 0 0.20089 6.98605e-08 0.979614 0 0.1 1.49012e-08 -4.29878e-13 1
0.978426 -8.55367e-08 -0.206596 0 6.93615e-08 1 -8.55367e-08 0 0.206596 6.93615e-08 0.978426 0 0.1 1.49012e-08 -4.29878e-13 1
0.986722 -8.6262e-08 -0.162417 0 7.32238e-08 1 -8.6262e-08 0 0.162417 7.32238e-08 0.986722 0 0.1 1.49012e-08 -4.29878e-13 1
0.990923 -8.66292e-08 -0.134433 0 7.56703e-08 1 -8.66292e-08 0 0.134433 7.56703e-08 0.990923 0 0.1 1.49012e-08 -4.29878e-13 1
0.994592 -8.695e-08 -0.10386 0 7.8343e-08 1 -8.695e-08 0 0.10386 7.8343e-08 0.994592 0 0.1 1.49012e-08 -4.29878e-13 1
0.997318 -8.71883e-08 -0.0731882 0 8.10245e-08 1 -8.71883e-08 0 0.0731882 8.10245e-08 0.997318 0 0.1 1.49012e-08 -4.29878e-13 1
0.99899 -8.73345e-08 -0.0449397 0 8.3494e-08 1 -8.73345e-08 0 0.0449397 8.3494e-08 0.99899 0 0.1 1.49012e-08 -4.29878e-13 1
0.999766 -8.74023e-08 -0.0216459 0 8.55305e-08 1 -8.74023e-08 0 0.0216459 8.55305e-08 0.999766 0 0.1 1.49012e-08 -4.29878e-13 1
0.999983 -8.74213e-08 -0.00582915 0 8.69132e-08 1 -8.74213e-08 0 0.00582915 8.69132e-08 0.999983 0 0.1 1.49012e-08 -4.29878e-13 1
1 -8.74228e-08 -8.74228e-08 0 8.74228e-08 1 -8.74228e-08 0 8.74228e-08 8.74228e-08 1 0 0.1 1.49012e-08 -4.29878e-13 1
0.999876 -8.7412e-08 0.0157168 0 8.87968e-08 1 -8.7412e-08 0 -0.0157168 8.87968e-08 0.999876 0 0.1 1.49012e-08 -4.29878e-13 1
rlegjon
20
800
41
-9.53674e-07 0.999979 -0.00645629 0 -1 -9.53674e-07 0 0 -5.82077e-09 0.00645629 0.999979 0 0.2 5.96046e-08 1.77636e-15 1
-9.53674e-07 0.999735 -0.0230316 0 -1 -9.53674e-07 0 0 -2.04891e-08 0.0230316 0.999735 0 0.2 5.96046e-08 1.77636e-15 1
-8.34465e-07 0.998963 -0.0455362 0 -1 -8.34465e-07 -1.86265e-09 0 -3.91155e-08 0.0455362 0.998963 0 0.2 5.96046e-08 1.77636e-15 1
-7.15256e-07 0.997562 -0.0697799 0 -1 -7.15256e-07 -3.72529e-09 0 -5.58794e-08 0.0697799 0.997562 0 0.2 5.96046e-08 1.77636e-15 1
-8.34465e-07 0.995797 -0.0915838 0 -1 -8.34465e-07 0 0 -7.45058e-08 0.0915838 0.995797 0 0.2 5.96046e-08 1.77636e-15 1
-9.53674e-07 0.993445 -0.114311 0 -1 -9.53674e-07 3.72529e-09 0 -1.08033e-07 0.114311 0.993445 0 0.2 5.96046e-08 1.77636e-15 1
-8.34465e-07 0.990053 -0.140697 0 -1 -8.34465e-07 -7.45058e-09 0 -1.11759e-07 0.140697 0.990053 0 0.2 5.96046e-08 1.77636e-15 1
-9.53674e-07 0.986179 -0.165685 0 -1 -1.07288e-06 1.49012e-08 0 -1.49012e-07 0.165685 0.986179 0 0.2 5.96046e-08 1.77636e-15 1
-8.34465e-07 0.982872 -0.18429 0 -1 -8.34465e-07 7.45058e-09 0 -1.49012e-07 0.18429 0.982872 0 0.2 5.96046e-08 1.77636e-15 1
-9.53674e-07 0.981476 -0.191587 0 -1 -9.53674e-07 0 0 -1.78814e-07 0.191587 0.981476 0 0.2 5.96046e-08 1.77636e-15 1
-8.34465e-07 0.982872 -0.18429 0 -1 -8.34465e-07 0 0 -1.63913e-07 0.18429 0.982872 0 0.2 5.96046e-08 1.77636e-15 1
-9.53674e-07 0.986179 -0.165685 0 -1 -1.07288e-06 1.49012e-08 0 -1.49012e-07 0.165685 0.986179 0 0.2 5.96046e-08 1.77636e-15 1
-8.34465e-07 0.990053 -0.140697 0 -1 -8.34465e-07 -7.45058e-09 0 -1.11759e-07 0.140697 0.990053 0 0.2 5.96046e-08 1.77636e-15 1
-9.53674e-07 0.993445 -0.114311 0 -1 -9.53674e-07 0 0 -1.04308e-07 0.114311 0.993445 0 0.2 5.96046e-08 1.77636e-15 1
-8.34465e-07 0.995797 -0.0915838 0 -1 -8.34465e-07 0 0 -7.45058e-08 0.0915838 0.995797 0 0.2 5.96046e-08 1.77636e-15 1
-8.34465e-07 0.997405 -0.0720014 0 -1 -8.34465e-07 0 0 -5.96046e-08 0.0720014 0.997405 0 0.2 5.96046e-08 1.77636e-15 1
-1.07288e-06 0.998636 -0.0522082 0 -1 -1.07288e-06 1.86265e-09 0 -5.02914e-08 0.0522082 0.998636 0 0.2 5.96046e-08 1.77636e-15 1
-8.34465e-07 0.999454 -0.033047 0 -1 -8.34465e-07 -1.86265e-09 0 -2.6077e-08 0.033047 0.999454 0 0.2 5.96046e-08 1.77636e-15 1
-8.34465e-07 0.999882 -0.0153626 0 -1 -8.34465e-07 4.65661e-10 0 -1.25729e-08 0.0153626 0.999882 0 0.2 5.96046e-08 1.77636e-15 1
-8.34465e-07 1 -4.37115e-08 0 -1 -8.34465e-07 -1.77636e-15 0 -3.73035e-14 4.37115e-08 1 0 0.2 5.96046e-08 1.77636e-15 1
-8.34465e-07 0.999904 0.0138466 0 -1 -8.34465e-07 0 0 1.16415e-08 -0.0138466 0.999904 0 0.2 5.96046e-08 1.77636e-15 1
-8.34465e-07 0.999643 0.0267334 0 -1 -8.34465e-07 -2.79397e-09 0 2.04891e-08 -0.0267334 0.999643 0 0.2 5.96046e-08 1.77636e-15 1
-9.53674e-07 0.999299 0.0374434 0 -1 -9.53674e-07 0 0 3.35276e-08 -0.0374434 0.999299 0 0.2 5.96046e-08 1.77636e-15 1
-8.34465e-07 0.998998 0.0447613 0 -1 -8.34465e-07 3.72529e-09 0 3.72529e-08 -0.0447613 0.998998 0 0.2 5.96046e-08 1.77636e-15 1
-8.34465e-07 0.998873 0.0474715 0 -1 -8.34465e-07 0 0 3.53903e-08 -0.0474715 0.998873 0 0.2 5.96046e-08 1.77636e-15 1
-8.34465e-07 0.998873 0.0474715 0 -1 -8.34465e-07 0 0 3.53903e-08 -0.0474715 0.998873 0 0.2 5.96046e-08 1.77636e-15 1
-8.34465e-07 0.998873 0.0474715 0 -1 -8.34465e-07 0 0 3.53903e-08 -0.0474715 0.998873 0 0.2 5.96046e-08 1.77636e-15 1
-8.34465e-07 0.998873 0.0474715 0 -1 -8.34465e-07 0 0 3.53903e-08 -0.0474715 0.998873 0 0.2 5.96046e-08 1.77636e-15 1
-8.34465e-07 0.998873 0.0474715 0 -1 -8.34465e-07 0 0 3.53903e-08 -0.0474715 0.998873 0 0.2 5.96046e-08 1.77636e-15 1
-8.34465e-07 0.998873 0.0474715 0 -1 -8.34465e-07 0 0 3.53903e-08 -0.0474715 0.998873 0 0.2 5.96046e-08 1.77636e-15 1
-8.34465e-07 0.998873 0.0474715 0 -1 -8.34465e-07 0 0 3.53903e-08 -0.0474715 0.998873 0 0.2 5.96046e-08 1.77636e-15 1
-8.34465e-07 0.998873 0.0474715 0 -1 -8.34465e-07 0 0 3.53903e-08 -0.0474715 0.998873 0 0.2 5.96046e-08 1.77636e-15 1
-8.34465e-07 0.998873 0.0474715 0 -1 -8.34465e-07 0 0 3.53903e-08 -0.0474715 0.998873 0 0.2 5.96046e-08 1.77636e-15 1
-8.34465e-07 0.998873 0.0474715 0 -1 -8.34465e-07 0 0 3.53903e-08 -0.0474715 0.998873 0 0.2 5.96046e-08 1.77636e-15 1
-8.34465e-07 0.998873 0.0474715 0 -1 -8.34465e-07 0 0 3.53903e-08 -0.0474715 0.998873 0 0.2 5.96046e-08 1.77636e-15 1
-9.53674e-07 0.999095 0.0425363 0 -1 -9.53674e-07 0 0 3.91155e-08 -0.0425363 0.999095 0 0.2 5.96046e-08 1.77636e-15 1
-8.34465e-07 0.999527 0.0307673 0 -1 -8.34465e-07 0 0 2.6077e-08 -0.0307673 0.999527 0 0.2 5.96046e-08 1.77636e-15 1
-1.07288e-06 0.99986 0.0167164 0 -1 -1.07288e-06 -1.86265e-09 0 1.49012e-08 -0.0167164 0.99986 0 0.2 5.96046e-08 1.77636e-15 1
-8.34465e-07 0.999988 0.00494015 0 -1 -8.34465e-07 2.32831e-10 0 4.42378e-09 -0.00494015 0.999988 0 0.2 5.96046e-08 1.77636e-15 1
-8.34465e-07 1 -4.37115e-08 0 -1 -8.34465e-07 -1.77636e-15 0 -3.73035e-14 4.37115e-08 1 0 0.2 5.96046e-08 1.77636e-15 1
-9.53674e-07 0.999979 -0.00645629 0 -1 -9.53674e-07 0 0 -5.82077e-09 0.00645629 0.999979 0 0.2 5.96046e-08 1.77636e-15 1
ruparm
20
800
41
2.32458e-06 0.998517 0.0544418 0 -1 2.32458e-06 1.86265e-09 0 -1.2666e-07 -0.0544418 0.998517 0 0.1 -5.00679e-06 0 1
2.32458e-06 0.983061 0.183276 0 -1 2.32458e-06 0 0 -4.39584e-07 -0.183276 0.983061 0 0.1 -5.00679e-06 0 1
2.563e-06 0.942994 0.332809 0 -1 2.68221e-06 5.96046e-08 0 -8.34465e-07 -0.332809 0.942994 0 0.1 -5.00679e-06 0 1
2.08616e-06 0.891962 0.45211 0 -1 2.32458e-06 -2.98023e-08 0 -1.08778e-06 -0.45211 0.891962 0 0.1 -5.00679e-06 0 1
2.08616e-06 0.866026 0.5 0 -1 2.44379e-06 0 0 -1.2368e-06 -0.5 0.866025 0 0.1 -5.00679e-06 0 1
2.08616e-06 0.866026 0.5 0 -1 2.44379e-06 0 0 -1.2368e-06 -0.5 0.866025 0 0.1 -5.00679e-06 0 1
2.08616e-06 0.866026 0.5 0 -1 2.44379e-06 0 0 -1.2368e-06 -0.5 0.866025 0 0.1 -5.00679e-06 0 1
2.08616e-06 0.866026 0.5 0 -1 2.44379e-06 0 0 -1.2368e-06 -0.5 0.866025 0 0.1 -5.00679e-06 0 1
2.08616e-06 0.866026 0.5 0 -1 2.44379e-06 0 0 -1.2368e-06 -0.5 0.866025 0 0.1 -5.00679e-06 0 1
2.08616e-06 0.866026 0.5 0 -1 2.44379e-06 0 0 -1.2368e-06 -0.5 0.866025 0 0.1 -5.00679e-06 0 1
2.08616e-06 0.866026 0.5 0 -1 2.44379e-06 0 0 -1.2368e-06 -0.5 0.866025 0 0.1 -5.00679e-06 0 1
2.08616e-06 0.866026 0.5 0 -1 2.44379e-06 0 0 -1.2368e-06 -0.5 0.866025 0 0.1 -5.00679e-06 0 1
2.08616e-06 0.866026 0.5 0 -1 2.44379e-06 0 0 -1.2368e-06 -0.5 0.866025 0 0.1 -5.00679e-06 0 1
2.08616e-06 0.866026 0.5 0 -1 2.44379e-06 0 0 -1.2368e-06 -0.5 0.866025 0 0.1 -5.00679e-06 0 1
2.08616e-06 0.866026 0.5 0 -1 2.44379e-06 0 0 -1.2368e-06 -0.5 0.866025 0 0.1 -5.00679e-06 0 1
1.96695e-06 0.883753 0.467954 0 -1 2.26498e-06 -4.47035e-08 0 -1.14739e-06 -0.467954 0.883753 0 0.1 -5.00679e-06 0 1
1.90735e-06 0.92384 0.382779 0 -1 2.08616e-06 -4.47035e-08 0 -8.64267e-07 -0.382779 0.92384 0 0.1 -5.00679e-06 0 1
2.26498e-06 0.965198 0.261519 0 -1 2.38419e-06 0 0 -6.25849e-07 -0.261519 0.965198 0 0.1 -5.00679e-06 0 1
2.08616e-06 0.992094 0.125501 0 -1 2.14577e-06 -7.45058e-09 0 -2.90573e-07 -0.125501 0.992094 0 0.1 -5.00679e-06 0 1
2.38419e-06 1 0 0 -1 2.38419e-06 0 0 0 0 1 0 0.1 -5.00679e-06 0 1
2.44379e-06 0.991179 -0.132528 0 -1 2.44379e-06 0 0 3.27826e-07 0.132528 0.991179 0 0.1 -5.00679e-06 0 1
2.20537e-06 0.95865 -0.284587 0 -1 2.32458e-06 0 0 6.85453e-07 0.284587 0.95865 0 0.1 -5.00679e-06 0 1
2.14577e-06 0.906049 -0.423173 0 -1 2.38419e-06 4.47035e-08 0 1.07288e-06 0.423173 0.906049 0 0.1 -5.00679e-06 0 1
2.02656e-06 0.853563 -0.520989 0 -1 2.44379e-06 2.98023e-08 0 1.3113e-06 0.520989 0.853563 0 0.1 -5.00679e-06 0 1
1.96695e-06 0.829983 -0.557789 0 -1 2.32458e-06 -5.96046e-08 0 1.3113e-06 0.557789 0.829983 0 0.1 -5.00679e-06 0 1
1.96695e-06 0.829983 -0.557789 0 -1 2.32458e-06 -5.96046e-08 0 1.3113e-06 0.557789 0.829982 0 0.1 -5.00679e-06 0 1
1.96695e-06 0.829983 -0.557789 0 -1 2.32458e-06 -5.96046e-08 0 1.3113e-06 0.557789 0.829982 0 0.1 -5.00679e-06 0 1
1.96695e-06 0.829983 -0.557789 0 -1 2.32458e-06 -5.96046e-08 0 1.3113e-06 0.557789 0.829982 0 0.1 -5.00679e-06 0 1
1.96695e-06 0.829983 -0.557789 0 -1 2.32458e-06 -5.96046e-08 0 1.3113e-06 0.557789 0.829982 0 0.1 -5.00679e-06 0 1
1.96695e-06 0.829983 -0.557789 0 -1 2.32458e-06 -5.96046e-08 0 1.3113e-06 0.557789 0.829982 0 0.1 -5.00679e-06 0 1
1.96695e-06 0.829983 -0.557789 0 -1 2.32458e-06 -5.96046e-08 0 1.3113e-06 0.557789 0.829982 0 0.1 -5.00679e-06 0 1
1.96695e-06 0.829983 -0.557789 0 -1 2.32458e-06 -5.96046e-08 0 1.3113e-06 0.557789 0.829982 0 0.1 -5.00679e-06 0 1
1.96695e-06 0.829983 -0.557789 0 -1 2.32458e-06 -5.96046e-08 0 1.3113e-06 0.557789 0.829982 0 0.1 -5.00679e-06 0 1
1.96695e-06 0.829983 -0.557789 0 -1 2.32458e-06 -5.96046e-08 0 1.3113e-06 0.557789 0.829982 0 0.1 -5.00679e-06 0 1
1.96695e-06 0.829983 -0.557789 0 -1 2.32458e-06 -5.96046e-08 0 1.3113e-06 0.557789 0.829982 0 0.1 -5.00679e-06 0 1
1.90735e-06 0.862724 -0.505675 0 -1 2.26498e-06 0 0 1.16229e-06 0.505675 0.862724 0 0.1 -5.00679e-06 0 1
2.14577e-06 0.92739 -0.374096 0 -1 2.32458e-06 0 0 8.79169e-07 0.374096 0.92739 0 0.1 -5.00679e-06 0 1
2.26498e-06 0.978384 -0.206795 0 -1 2.32458e-06 7.45058e-09 0 4.99189e-07 0.206795 0.978384 0 0.1 -5.00679e-06 0 1
2.32458e-06 0.998106 -0.0615164 0 -1 2.32458e-06 0 0 1.52737e-07 0.0615164 0.998106 0 0.1 -5.00679e-06 0 1
2.38419e-06 1 0 0 -1 2.38419e-06 0 0 0 0 1 0 0.1 -5.00679e-06 0 1
2.32458e-06 0.998517 0.0544418 0 -1 2.32458e-06 1.86265e-09 0 -1.2666e-07 -0.0544418 0.998517 0 0.1 -5.00679e-06 0 1
rupleg
20
800
41
1 -4.76837e-06 0.000313513 0 4.76837e-06 1 0 0 -0.000313513 1.49495e-09 1 0 0.1 1.84774e-06 2.22045e-13 1
0.999999 -4.76837e-06 0.00119559 0 4.76837e-06 1 0 0 -0.00119559 5.70102e-09 0.999999 0 0.1 1.84774e-06 2.22045e-13 1
0.999997 -4.76836e-06 0.00255861 0 4.76837e-06 1 -4.44089e-16 0 -0.00255861 1.22004e-08 0.999997 0 0.1 1.84774e-06 2.22045e-13 1
0.999991 -4.76833e-06 0.00431501 0 4.76837e-06 1 0 0 -0.00431501 2.05755e-08 0.999991 0 0.1 1.84774e-06 2.22045e-13 1
0.99998 -4.76827e-06 0.00637729 0 4.76837e-06 1 0 0 -0.00637729 3.04093e-08 0.99998 0 0.1 1.84774e-06 2.22045e-13 1
0.999963 -4.76819e-06 0.00865801 0 4.76837e-06 1 0 0 -0.00865801 4.12846e-08 0.999963 0 0.1 1.84774e-06 2.22045e-13 1
0.999939 -4.76808e-06 0.0110697 0 4.76837e-06 1 0 0 -0.0110697 5.27846e-08 0.999939 0 0.1 1.84774e-06 2.22045e-13 1
0.999909 -4.76794e-06 0.0135251 0 4.76837e-06 1 -3.55271e-15 0 -0.0135251 6.44927e-08 0.999909 0 0.1 1.84774e-06 2.22045e-13 1
0.999873 -4.76777e-06 0.0159367 0 4.76837e-06 1 0 0 -0.0159367 7.5992e-08 0.999873 0 0.1 1.84774e-06 2.22045e-13 1
0.999834 -4.76758e-06 0.0182171 0 4.76837e-06 1 0 0 -0.0182171 8.6866e-08 0.999834 0 0.1 1.84774e-06 2.22045e-13 1
0.999794 -4.76739e-06 0.0202791 0 4.76837e-06 1 -3.55271e-15 0 -0.0202791 9.66981e-08 0.999794 0 0.1 1.84774e-06 2.22045e-13 1
0.999757 -4.76721e-06 0.0220351 0 4.76837e-06 1 0 0 -0.0220351 1.05071e-07 0.999757 0 0.1 1.84774e-06 2.22045e-13 1
0.999726 -4.76707e-06 0.0233977 0 4.76837e-06 1 0 0 -0.0233977 1.11569e-07 0.999726 0 0.1 1.84774e-06 2.22045e-13 1
0.999705 -4.76697e-06 0.0242796 0 4.76837e-06 1 -7.10543e-15 0 -0.0242796 1.15774e-07 0.999705 0 0.1 1.84774e-06 2.22045e-13 1
0.999698 -4.76693e-06 0.024593 0 4.76837e-06 1 3.55271e-15 0 -0.024593 1.17269e-07 0.999698 0 0.1 1.84774e-06 2.22045e-13 1
0.999709 -4.76699e-06 0.0241061 0 4.76837e-06 1 -3.55271e-15 0 -0.0241061 1.14947e-07 0.999709 0 0.1 1.84774e-06 2.22045e-13 1
0.999737 -4.76712e-06 0.0229453 0 4.76837e-06 1 0 0 -0.0229453 1.09412e-07 0.999737 0 0.1 1.84774e-06 2.22045e-13 1
0.999768 -4.76726e-06 0.0215599 0 4.76837e-06 1 0 0 -0.0215599 1.02806e-07 0.999768 0 0.1 1.84774e-06 2.22045e-13 1
0.999792 -4.76738e-06 0.0203991 0 4.76837e-06 1 3.55271e-15 0 -0.0203991 9.72705e-08 0.999792 0 0.1 1.84774e-06 2.22045e-13 1
0.999802 -4.76743e-06 0.0199121 0 4.76837e-06 1 -3.55271e-15 0 -0.0199121 9.49485e-08 0.999802 0 0.1 1.84774e-06 2.22045e-13 1
0.998952 -4.76337e-06 0.0457688 0 4.76837e-06 1 7.10543e-15 0 -0.0457688 2.18242e-07 0.998952 0 0.1 1.84774e-06 2.22045e-13 1
0.993982 -4.73968e-06 0.109546 0 4.76837e-06 1 0 0 -0.109546 5.22357e-07 0.993982 0 0.1 1.84774e-06 2.22045e-13 1
0.981731 -4.68126e-06 0.190275 0 4.76837e-06 1 2.84217e-14 0 -0.190275 9.07301e-07 0.981731 0 0.1 1.84774e-06 2.22045e-13 1
0.96366 -4.59509e-06 0.26713 0 4.76837e-06 1 0 0 -0.26713 1.27378e-06 0.96366 0 0.1 1.84774e-06 2.22045e-13 1
0.947243 -4.51681e-06 0.320516 0 4.76837e-06 1 0 0 -0.320516 1.52834e-06 0.947243 0 0.1 1.84774e-06 2.22045e-13 1
0.93681 -4.46706e-06 0.349838 0 4.76837e-06 1 0 0 -0.349838 1.66816e-06 0.93681 0 0.1 1.84774e-06 2.22045e-13 1
0.929625 -4.4328e-06 0.368506 0 4.76837e-06 1 0 0 -0.368506 1.75717e-06 0.929625 0 0.1 1.84774e-06 2.22045e-13 1
0.925402 -4.41266e-06 0.378988 0 4.76837e-06 1 5.68434e-14 0 -0.378988 1.80716e-06 0.925402 0 0.1 1.84774e-06 2.22045e-13 1
0.92349 -4.40354e-06 0.383622 0 4.76837e-06 1 -1.13687e-13 0 -0.383622 1.82925e-06 0.92349 0 0.1 1.84774e-06 2.22045e-13 1
0.923054 -4.40147e-06 0.38467 0 4.76837e-06 1 -5.68434e-14 0 -0.38467 1.83425e-06 0.923054 0 0.1 1.84774e-06 2.22045e-13 1
0.92349 -4.40354e-06 0.383622 0 4.76837e-06 1 0 0 -0.383622 1.82925e-06 0.92349 0 0.1 1.84774e-06 2.22045e-13 1
0.923054 -4.40147e-06 0.38467 0 4.76837e-06 1 -5.68434e-14 0 -0.38467 1.83425e-06 0.923054 0 0.1 1.84774e-06 2.22045e-13 1
0.929625 -4.4328e-06 0.368506 0 4.76837e-06 1 0 0 -0.368506 1.75717e-06 0.929625 0 0.1 1.84774e-06 2.22045e-13 1
0.93681 -4.46706e-06 0.349838 0 4.76837e-06 1 0 0 -0.349838 1.66816e-06 0.93681 0 0.1 1.84774e-06 2.22045e-13 1
0.947243 -4.51681e-06 0.320516 0 4.76837e-06 1 0 0 -0.320516 1.52834e-06 0.947243 0 0.1 1.84774e-06 2.22045e-13 1
0.96366 -4.59509e-06 0.26713 0 4.76837e-06 1 0 0 -0.26713 1.27378e-06 0.96366 0 0.1 1.84774e-06 2.22045e-13 1
0.981731 -4.68126e-06 0.190275 0 4.76837e-06 1 0 0 -0.190275 9.073e-07 0.981731 0 0.1 1.84774e-06 2.22045e-13 1
0.993982 -4.73968e-06 0.109546 0 4.76837e-06 1 2.84217e-14 0 -0.109546 5.22357e-07 0.993982 0 0.1 1.84774e-06 2.22045e-13 1
0.998952 -4.76337e-06 0.0457688 0 4.76837e-06 1 7.10543e-15 0 -0.0457688 2.18242e-07 0.998952 0 0.1 1.84774e-06 2.22045e-13 1
0.999802 -4.76743e-06 0.0199121 0 4.76837e-06 1 -3.55271e-15 0 -0.0199121 9.49485e-08 0.999802 0 0.1 1.84774e-06 2.22045e-13 1
1 -4.76837e-06 0.000313513 0 4.76837e-06 1 0 0 -0.000313513 1.49495e-09 1 0 0.1 1.84774e-06 2.22045e-13 1
stom
20
800
41
0.999973 0 0.00731888 0 0 1 0 0 -0.00731888 0 0.999973 0 0.2 -3.25841e-08 8.74228e-09 1
0.999693 0 0.0247642 0 0 1 0 0 -0.0247642 0 0.999693 0 0.2 -3.25841e-08 8.74228e-09 1
0.998961 0 0.0455733 0 0 1 0 0 -0.0455733 0 0.998961 0 0.2 -3.25841e-08 8.74228e-09 1
0.998014 0 0.0629951 0 0 1 0 0 -0.0629951 0 0.998014 0 0.2 -3.25841e-08 8.74228e-09 1
0.997526 0 0.0702978 0 0 1 0 0 -0.0702978 0 0.997526 0 0.2 -3.25841e-08 8.74228e-09 1
0.997526 0 0.0702978 0 0 1 0 0 -0.0702978 0 0.997526 0 0.2 -3.25841e-08 8.74228e-09 1
0.997526 0 0.0702978 0 0 1 0 0 -0.0702978 0 0.997526 0 0.2 -3.25841e-08 8.74228e-09 1
0.997526 0 0.0702978 0 0 1 0 0 -0.0702978 0 0.997526 0 0.2 -3.25841e-08 8.74228e-09 1
0.997526 0 0.0702978 0 0 1 0 0 -0.0702978 0 0.997526 0 0.2 -3.25841e-08 8.74228e-09 1
0.997526 0 0.0702978 0 0 1 0 0 -0.0702978 0 0.997526 0 0.2 -3.25841e-08 8.74228e-09 1
0.997526 0 0.0702978 0 0 1 0 0 -0.0702978 0 0.997526 0 0.2 -3.25841e-08 8.74228e-09 1
0.997526 0 0.0702978 0 0 1 0 0 -0.0702978 0 0.997526 0 0.2 -3.25841e-08 8.74228e-09 1
0.997526 0 0.0702978 0 0 1 0 0 -0.0702978 0 0.997526 0 0.2 -3.25841e-08 8.74228e-09 1
0.997526 0 0.0702978 0 0 1 0 0 -0.0702978 0 0.997526 0 0.2 -3.25841e-08 8.74228e-09 1
0.997526 0 0.0702978 0 0 1 0 0 -0.0702978 0 0.997526 0 0.2 -3.25841e-08 8.74228e-09 1
0.998014 0 0.0629951 0 0 1 0 0 -0.0629951 0 0.998014 0 0.2 -3.25841e-08 8.74228e-09 1
0.998961 0 0.0455733 0 0 1 0 0 -0.0455733 0 0.998961 0 0.2 -3.25841e-08 8.74228e-09 1
0.999693 0 0.0247642 0 0 1 0 0 -0.0247642 0 0.999693 0 0.2 -3.25841e-08 8.74228e-09 1
0.999973 0 0.00731888 0 0 1 0 0 -0.00731888 0 0.999973 0 0.2 -3.25841e-08 8.74228e-09 1
1 0 0 0 0 1 0 0 0 0 1 0 0.2 -3.25841e-08 8.74228e-09 1
0.999988 0 0.00487128 0 0 1 0 0 -0.00487128 0 0.999988 0 0.2 -3.25841e-08 8.74228e-09 1
0.999864 0 0.0164833 0 0 1 0 0 -0.0164833 0 0.999864 0 0.2 -3.25841e-08 8.74228e-09 1
0.99954 0 0.0303383 0 0 1 0 0 -0.0303383 0 0.99954 0 0.2 -3.25841e-08 8.74228e-09 1
0.99912 0 0.0419434 0 0 1 0 0 -0.0419434 0 0.99912 0 0.2 -3.25841e-08 8.74228e-09 1
0.998904 0 0.0468099 0 0 1 0 0 -0.0468099 0 0.998904 0 0.2 -3.25841e-08 8.74228e-09 1
0.998904 0 0.0468099 0 0 1 0 0 -0.0468099 0 0.998904 0 0.2 -3.25841e-08 8.74228e-09 1
0.998904 0 0.0468099 0 0 1 0 0 -0.0468099 0 0.998904 0 0.2 -3.25841e-08 8.74228e-09 1
0.998904 0 0.0468099 0 0 1 0 0 -0.0468099 0 0.998904 0 0.2 -3.25841e-08 8.74228e-09 1
0.998904 0 0.0468099 0 0 1 0 0 -0.0468099 0 0.998904 0 0.2 -3.25841e-08 8.74228e-09 1
0.998904 0 0.0468099 0 0 1 0 0 -0.0468099 0 0.998904 0 0.2 -3.25841e-08 8.74228e-09 1
0.998904 0 0.0468099 0 0 1 0 0 -0.0468099 0 0.998904 0 0.2 -3.25841e-08 8.74228e-09 1
0.998904 0 0.0468099 0 0 1 0 0 -0.0468099 0 0.998904 0 0.2 -3.25841e-08 8.74228e-09 1
0.998904 0 0.0468099 0 0 1 0 0 -0.0468099 0 0.998904 0 0.2 -3.25841e-08 8.74228e-09 1
0.998904 0 0.0468099 0 0 1 0 0 -0.0468099 0 0.998904 0 0.2 -3.25841e-08 8.74228e-09 1
0.998904 0 0.0468099 0 0 1 0 0 -0.0468099 0 0.998904 0 0.2 -3.25841e-08 8.74228e-09 1
0.99912 0 0.0419434 0 0 1 0 0 -0.0419434 0 0.99912 0 0.2 -3.25841e-08 8.74228e-09 1
0.99954 0 0.0303383 0 0 1 0 0 -0.0303383 0 0.99954 0 0.2 -3.25841e-08 8.74228e-09 1
0.999864 0 0.0164833 0 0 1 0 0 -0.0164833 0 0.999864 0 0.2 -3.25841e-08 8.74228e-09 1
0.999988 0 0.00487128 0 0 1 0 0 -0.00487128 0 0.999988 0 0.2 -3.25841e-08 8.74228e-09 1
1 0 0 0 0 1 0 0 0 0 1 0 0.2 -3.25841e-08 8.74228e-09 1
0.999973 0 0.00731888 0 0 1 0 0 -0.00731888 0 0.999973 0 0.2 -3.25841e-08 8.74228e-09 1
waist
20
800
41
0.999996 0 0.00287067 0 0 1 0 0 -0.00287067 0 0.999996 0 0.1 -1.62921e-08 4.37115e-09 1
0.999953 0 0.00971396 0 0 1 0 0 -0.00971396 0 0.999953 0 0.1 -1.62921e-08 4.37115e-09 1
0.99984 0 0.0178802 0 0 1 0 0 -0.0178802 0 0.99984 0 0.1 -1.62921e-08 4.37115e-09 1
0.999694 0 0.0247221 0 0 1 0 0 -0.0247221 0 0.999694 0 0.1 -1.62921e-08 4.37115e-09 1
0.999619 0 0.0275918 0 0 1 0 0 -0.0275918 0 0.999619 0 0.1 -1.62921e-08 4.37115e-09 1
0.999619 0 0.0275918 0 0 1 0 0 -0.0275918 0 0.999619 0 0.1 -1.62921e-08 4.37115e-09 1
0.999619 0 0.0275918 0 0 1 0 0 -0.0275918 0 0.999619 0 0.1 -1.62921e-08 4.37115e-09 1
0.999619 0 0.0275918 0 0 1 0 0 -0.0275918 0 0.999619 0 0.1 -1.62921e-08 4.37115e-09 1
0.999619 0 0.0275918 0 0 1 0 0 -0.0275918 0 0.999619 0 0.1 -1.62921e-08 4.37115e-09 1
0.999619 0 0.0275918 0 0 1 0 0 -0.0275918 0 0.999619 0 0.1 -1.62921e-08 4.37115e-09 1
0.999619 0 0.0275918 0 0 1 0 0 -0.0275918 0 0.999619 0 0.1 -1.62921e-08 4.37115e-09 1
0.999619 0 0.0275918 0 0 1 0 0 -0.0275918 0 0.999619 0 0.1 -1.62921e-08 4.37115e-09 1
0.999619 0 0.0275918 0 0 1 0 0 -0.0275918 0 0.999619 0 0.1 -1.62921e-08 4.37115e-09 1
0.999619 0 0.0275918 0 0 1 0 0 -0.0275918 0 0.999619 0 0.1 -1.62921e-08 4.37115e-09 1
0.999619 0 0.0275918 0 0 1 0 0 -0.0275918 0 0.999619 0 0.1 -1.62921e-08 4.37115e-09 1
0.999694 0 0.0247221 0 0 1 0 0 -0.0247221 0 0.999694 0 0.1 -1.62921e-08 4.37115e-09 1
0.99984 0 0.0178802 0 0 1 0 0 -0.0178802 0 0.99984 0 0.1 -1.62921e-08 4.37115e-09 1
0.999953 0 0.00971396 0 0 1 0 0 -0.00971396 0 0.999953 0 0.1 -1.62921e-08 4.37115e-09 1
0.999996 0 0.00287067 0 0 1 0 0 -0.00287067 0 0.999996 0 0.1 -1.62921e-08 4.37115e-09 1
1 0 0 0 0 1 0 0 0 0 1 0 0.1 -1.62921e-08 4.37115e-09 1
0.999995 0 0.00330598 0 0 1 0 0 -0.00330598 0 0.999995 0 0.1 -1.62921e-08 4.37115e-09 1
0.999937 0 0.011187 0 0 1 0 0 -0.011187 0 0.999937 0 0.1 -1.62921e-08 4.37115e-09 1
0.999788 0 0.0205913 0 0 1 0 0 -0.0205913 0 0.999788 0 0.1 -1.62921e-08 4.37115e-09 1
0.999595 0 0.0284701 0 0 1 0 0 -0.0284701 0 0.999595 0 0.1 -1.62921e-08 4.37115e-09 1
0.999495 0 0.0317746 0 0 1 0 0 -0.0317746 0 0.999495 0 0.1 -1.62921e-08 4.37115e-09 1
0.999495 0 0.0317746 0 0 1 0 0 -0.0317746 0 0.999495 0 0.1 -1.62921e-08 4.37115e-09 1
0.999495 0 0.0317746 0 0 1 0 0 -0.0317746 0 0.999495 0 0.1 -1.62921e-08 4.37115e-09 1
0.999495 0 0.0317746 0 0 1 0 0 -0.0317746 0 0.999495 0 0.1 -1.62921e-08 4.37115e-09 1
0.999495 0 0.0317746 0 0 1 0 0 -0.0317746 0 0.999495 0 0.1 -1.62921e-08 4.37115e-09 1
0.999495 0 0.0317746 0 0 1 0 0 -0.0317746 0 0.999495 0 0.1 -1.62921e-08 4.37115e-09 1
0.999495 0 0.0317746 0 0 1 0 0 -0.0317746 0 0.999495 0 0.1 -1.62921e-08 4.37115e-09 1
0.999495 0 0.0317746 0 0 1 0 0 -0.0317746 0 0.999495 0 0.1 -1.62921e-08 4.37115e-09 1
0.999495 0 0.0317746 0 0 1 0 0 -0.0317746 0 0.999495 0 0.1 -1.62921e-08 4.37115e-09 1
0.999495 0 0.0317746 0 0 1 0 0 -0.0317746 0 0.999495 0 0.1 -1.62921e-08 4.37115e-09 1
0.999495 0 0.0317746 0 0 1 0 0 -0.0317746 0 0.999495 0 0.1 -1.62921e-08 4.37115e-09 1
0.999595 0 0.0284701 0 0 1 0 0 -0.0284701 0 0.999595 0 0.1 -1.62921e-08 4.37115e-09 1
0.999788 0 0.0205913 0 0 1 0 0 -0.0205913 0 0.999788 0 0.1 -1.62921e-08 4.37115e-09 1
0.999937 0 0.011187 0 0 1 0 0 -0.011187 0 0.999937 0 0.1 -1.62921e-08 4.37115e-09 1
0.999995 0 0.00330598 0 0 1 0 0 -0.00330598 0 0.999995 0 0.1 -1.62921e-08 4.37115e-09 1
1 0 0 0 0 1 0 0 0 0 1 0 0.1 -1.62921e-08 4.37115e-09 1
0.999996 0 0.00287067 0 0 1 0 0 -0.00287067 0 0.999996 0 0.1 -1.62921e-08 4.37115e-09 1
